,01,02,03,04,05,06,07,08,09,10,11,12,13,14,15,16,17,18,19,20,21,22,23,24,25,26,27,28,29,30,31,32,33,34,35,36,37,38,39,40,41,42,43,44,45,46,47,48,49,50,51,52,53,54,55,56,57,58,59,60,61,62,63,64,65,66,67,68,69,70,71,72,73,74,75,76,77,78,79,80,81,82,83,84,85,86,87,88,89,90,91,92,93,94,95,96
01,0.0,1.1720966611693704,3.2670791594330697,0.5693160688483764,0.7323885721054436,2.0054233456262867,1.9380137201707541,1.1598784722803872,1.3261772549212831,1.2739156921842272,1.4213877727117625,1.347502095298423,1.3370172753014324,0.9813889693544028,0.9179899402553876,1.0291730655125009,0.7895592430075796,0.9855770407877931,0.8245582816731486,0.4648279510046437,0.49055423454850905,0.6636181257643189,1.4519458823069693,0.760091367420242,1.630509620542827,1.7462146176092435,1.0768485318986005,0.7831308229272851,0.7098358982203923,2.7651665274052553,0.9999865376894147,1.5589018451997834,1.7238942989963053,0.7625147721819187,1.250247274422506,0.6949940047385835,0.6406742823986674,0.5805282184143271,0.8283574058666295,1.3356272255493247,1.377244572162982,1.9640647496671848,1.8870373737950483,1.0228382883448177,1.6662142938437368,1.32383570309886,1.7180639064162273,0.9521533942801267,1.0111185780693066,0.5917442021277507,1.4265538481009412,8.640208854650425,0.7724106884465788,1.4780510783870777,4.519102890353025,1.379791468945175,2.0612951723837503,1.7075779755101448,0.4124708252880573,0.7582064613623876,2.6937608943998406,1.0153295343823483,1.0129012997221245,0.719109038445582,1.5852046225023821,1.9656839330858573,0.9328564558989987,0.717870143594021,1.769549781244717,0.8035271694884634,1.2005934269068441,0.5381727873795822,0.6823400093488702,0.8507467182504038,1.1411454248266983,0.7515903884356294,0.5210945991715218,1.7193232488667667,1.620432841429991,0.6744015529588022,2.708955786219489,0.6282813287404769,1.774567032677093,0.7366744196977637,0.3481163627942657,0.7496769596606425,0.858722691121797,1.314747941195085,0.742994534961919,0.8557023877089998,0.4051659876023298,0.6204316278390377,0.38054324472672224,0.8125218364468028,1.0633189830139655,0.7843950785071624
02,1.1720966611693704,0.0,2.558439995151863,1.2893202979217184,1.1525599369041477,2.0045703981552756,2.5084821126032506,1.5995132975535375,1.709737424183471,1.9143391717227898,1.3301481999726774,0.7473641738641434,1.164565553954451,1.4749844353271342,0.9931500017954543,0.8915483540557508,1.2326716655192027,0.8851777130452106,1.4362061368857724,1.149174488575989,1.0121350410447159,1.405773699056789,1.0464789854276053,0.9956699108895699,1.4184170652111947,2.0441201198068346,0.7280701323326829,0.9125255196594623,1.142803302039189,2.1865058475604546,1.0879231140144305,1.6913451783415356,1.2984976679697573,1.1944196984873807,1.554408631311024,1.2494689075422396,1.1627512016752144,1.1821787144392677,1.0164879168159022,0.7953976300840091,1.0199918355531228,1.539775463226911,1.5840244059220412,1.1230305272957055,1.964632246639284,1.1767183691536767,1.324373902600197,1.2718982910429846,1.6483348195308147,1.0867983905108627,1.096292092263578,7.888925788724921,1.3086269440762037,0.7333320081397329,3.8104877853728496,1.5743276911473496,1.4967419673612405,1.3540891999442302,1.1481991731676608,1.29967043022201,2.055434155582417,1.3963396056706632,0.8963916038813934,1.2821700533714133,1.2078482963666402,2.5644983917577098,0.9984231093739248,1.116515257583727,2.3069174875025737,1.1068727212827,1.2385139827634601,1.2042774816546022,1.0796992221600634,1.0910375743878884,0.995627503254802,1.4104806291541454,1.2008094793853412,2.1841049139759177,1.163387929733612,1.3968973947231709,2.094543287032521,1.0381080853295654,1.739741744201069,1.2068592523520958,1.1739676669731225,0.9032601057323786,1.2788359203725166,1.084068051300542,1.0922094934853543,1.5036253355251772,0.9849775150074502,1.3492041765899039,0.9478327567940915,0.8283364115516078,0.7320486964203435,1.3101572090395432
03,3.2670791594330697,2.558439995151863,0.0,3.3308894645014906,3.1595801850226937,2.913036623373213,3.8566231142566054,3.0326474143021978,3.167705404942121,3.4448506510246197,2.295577153768154,2.2376972078786177,2.2440251468289674,3.1393569043800227,2.9314244968028955,2.5314571854862686,3.006415011663472,2.4775496227255145,3.155450061009251,3.2383841864425835,2.999887601918283,3.3413665570716047,2.064328405418519,2.880584650664871,2.2839433969527754,3.459034293730788,2.3971411155889477,2.683512729379317,3.0098202152729683,0.9270812826951789,2.5353850861954945,3.3123684069149766,1.8104671922583635,3.0492457142088396,3.3767221282456017,3.144684294234622,3.051723678222983,3.11577697425706,2.870689765374887,2.3856225166880263,2.363764020202258,1.5364293317021598,1.7135748966171052,2.743323094662191,3.5548415064331516,2.1821322436587294,1.8625008268724526,2.9289550570341323,3.329353247973307,3.0695562898970166,2.03371343091211,5.853456779447324,3.0172168702008944,2.322654254774083,1.5920596351356338,3.2370844737756235,1.521737114874078,1.825900928541405,3.103652554674233,3.3093206782118454,0.7617053647164505,3.2060290732189296,2.5318599524199796,3.3923578425518945,2.0426794206738457,4.342311641222548,2.9018741174645526,2.973355822096972,3.8341090656644865,2.815946613777611,2.801866864537319,3.2118709346155203,3.063373889143868,2.9012183846526995,2.5319812909504456,3.3920818965978805,3.2277075896150973,3.849827331072711,2.0535293215319386,3.2591785785771474,0.8618823153737895,3.028652436902699,2.8089102662822176,3.1305376174586637,3.269891884953861,2.6625954309663764,3.1390334741416033,2.378879594825138,2.860559914497268,3.4221877461762586,3.1702778581549693,3.43473251012968,3.017068955040499,2.7531304270852597,2.489904433087289,3.080742807414983
04,0.5693160688483764,1.2893202979217184,3.3308894645014906,0.0,0.5068871252820247,2.2297293895569013,2.204245469585374,1.4136567447311381,1.6317283468359502,1.5541635510155614,1.3513596625848818,1.4670501461665717,1.3212473025340845,1.3441879875195277,1.0231776615616393,1.089783889872269,0.755546962962796,0.9653932325106238,0.7753742228890388,0.556140102696404,0.7479769808685754,0.5312863926424605,1.4297224849417638,0.6774944782156559,1.5620182309666581,2.009684996941411,1.206973529663097,0.8679755276172549,0.6545435589582117,2.812018371248398,1.0096638947192689,1.694507893082185,1.6911851460111473,1.0378275437222577,1.3969956479885766,0.5480580762942312,0.5709115854649441,0.6671335100964771,0.8129168393355016,1.5110488360617487,1.583899065037409,2.0620412579392338,1.9601051423835494,0.9491872459418401,1.8768347427533258,1.3934231510172608,1.7853102516151376,1.2592527698766909,1.3479957326150094,0.5524391906467622,1.5524730249022345,8.81988203550703,1.1593222159112402,1.6634826587713174,4.616210967117727,1.6333571369442028,2.163954162116498,1.7747511730138301,0.6069744278800554,1.1541242470091126,2.769253917873405,1.266923992183709,1.0177688409773813,0.4294812021619546,1.6465719718275735,2.0049784957156516,0.9942282112022303,0.7461910572779377,1.9835034216212784,1.0147641172858755,1.3577039163182434,0.30694067786573265,0.5254933650089058,0.6335311825674704,1.0372526541044702,0.46091165670755624,0.8469700663512676,1.8062333071450587,1.7093954418848671,0.9187139966780571,2.7828437967873594,0.6358790064205342,1.969349938932795,0.5308478483742958,0.4370738608396515,1.0634209790613116,0.6993000748045507,1.646806315425081,1.011353811763311,1.0896247550303673,0.5148454679136796,0.4168538684529853,0.5439198393111988,0.9011062783496396,1.179743551569265,0.6226161886948035
05,0.7323885721054436,1.1525599369041477,3.1595801850226937,0.5068871252820247,0.0,2.1752297989457716,2.22157268147333,1.4159287707975006,1.6665789790227565,1.6284865817131684,1.1193479857992739,1.3693139520644602,1.1425016374828216,1.365973422274405,0.9584440686785934,0.9435787108695002,0.6014923388019378,0.789224287847656,0.7165158847924039,0.6609298379318851,0.789406263608608,0.6216755961620412,1.2001420270702046,0.6002864764672421,1.328856044953977,1.978299259236662,1.0556470315051865,0.6399804073871597,0.6941143730151808,2.582041108897248,0.7630305025711365,1.6514176413411903,1.4658127379453862,1.0364274026571427,1.4313715623721448,0.4918105379071848,0.3300531926104453,0.6635853039169777,0.814204070106072,1.3969704245535457,1.4549695544891992,1.8340217758948472,1.7315337048836008,0.7724795611161749,1.8451228846158843,1.1882907829481748,1.5261399782073963,1.2593579208402614,1.3867947303184969,0.6175707140600741,1.3958030508572443,8.612643469153575,1.20194315521841,1.5239472141197552,4.401018804663887,1.7185605057415025,1.9299378769882098,1.5387814323327824,0.6545873592154552,1.1217951034210636,2.551493271744678,1.311164891584684,0.8571553634459325,0.39787055021867707,1.4567999995265934,2.092571641336064,0.945334408236275,0.6735759240713661,1.9910448628928081,1.0024814081833173,1.3414890811324525,0.541027715235851,0.30598193695101095,0.5287066032587533,0.7949138981444274,0.6642253379076264,0.8350900220249771,1.9297063361005633,1.6114111026724929,1.0089372300096668,2.5928947300806304,0.6585933044470846,1.830595570962338,0.40436619696135373,0.6211981701090792,1.0886155179621704,0.6562365665527117,1.5538479705261903,1.0458580875742538,1.143535014835984,0.5734889860865482,0.6724526735960826,0.5750942122193186,0.776877219120507,1.0974183652185678,0.5103827769207132
06,2.0054233456262867,2.0045703981552756,2.913036623373213,2.2297293895569013,2.1752297989457716,0.0,1.4770609331111184,1.2162284944843127,1.0053750531275087,1.3418964713529797,2.052723671761102,1.6429050525459465,1.857416428109201,1.3472513068484375,1.5688261492608195,1.6901389977094778,2.1601370730189706,1.9901368726334585,2.252180503114558,1.900055182272142,1.776090108320811,2.2906669766938363,1.8904759805292066,2.0693501071256586,2.472259942634955,1.1254282753993752,1.938782008973354,1.979832576212866,2.0790992720339743,2.4108225375669354,1.8776672029457324,1.2764297088895609,2.193981447290316,1.5781444175963637,1.401381994564995,2.2258789799419993,1.9766157694517408,1.9665349024323417,2.269497336387705,2.0422335832353213,1.7294638448935526,2.008350791184545,1.945529606834923,2.2824171727990716,1.413345188252977,1.7554597391838969,1.8427270026539126,1.253807580789808,1.5297678981773581,2.029310782428008,1.9661194356911438,7.920846692539645,1.403013828309303,1.520191698827063,3.7757600158291997,1.5047394315533502,1.8887112750788968,1.8933159075356505,1.953149100743455,1.839240898697653,2.4632174248035925,1.1886167376222172,1.9911832859128797,2.3655448726536785,2.1755492359965842,1.995732607781951,2.290707575324942,2.10380809273939,1.5244247776112232,1.4268549151081158,1.2010316031203951,2.269470314562187,2.0118532724278597,2.0080041922849663,2.1061714656827917,2.4596799276718966,1.905289525856718,1.6021502696283731,1.4203197015337679,1.5616946177269968,2.4961274940969687,2.0913788740829085,1.3889257213466295,2.250169589108637,2.0089135748274334,1.663910036595972,2.312102369351534,1.2569930178688002,1.5859133016595213,1.5121261939161585,2.088211597118508,2.420587998371809,1.9066996097445332,1.922644055807059,2.1173398473106118,2.282828194723981
07,1.9380137201707541,2.5084821126032506,3.8566231142566054,2.204245469585374,2.22157268147333,1.4770609331111184,0.0,1.3757158415862862,1.2004671955070787,1.0893405280794801,2.4816289893083883,2.374855317926079,2.352104991685706,1.3626644802354797,1.9281297813533624,2.085304604872662,2.20992542593777,2.3360255745067704,2.2507221423624086,1.954323825794024,1.9144972932474587,2.2003738796483034,2.5046339627230196,2.220584681681777,2.8236208164112315,0.7198130187142429,2.3203809807154343,2.2171003971403636,2.2154094298265234,3.3425378225039597,2.1918190017376196,1.3233531778055239,2.7921472246963766,1.721006800585537,1.4305234248427103,2.2342420935211136,2.0509185207766536,1.9803492356027383,2.4307175523625912,2.5227667436208137,2.239491995373631,2.6996920760397956,2.6343387867290255,2.4516675722870747,0.9815071188850861,2.2677693486560075,2.4695167545207104,1.5714777300916571,1.21825074020869,2.13111445809176,2.4526970451020613,8.964671774449288,1.5210152279403133,2.3458190567182133,4.850477390419305,1.6862526642041826,2.672532464218413,2.5513652965033944,1.987222243005333,1.6404898625861055,3.3342003751147207,1.400273070523899,2.326591339309621,2.342945744311288,2.6216523821898514,1.3393570890125674,2.4596008611449034,2.150651055093349,0.7856299016038434,1.6812414054998674,1.8142649232963752,2.2433216169632333,2.142998464094684,2.255772886547265,2.481943161699289,2.3816156087060847,1.7914933038979615,1.3361756899467259,2.334534675995341,1.5456306711536192,3.347738055611134,2.213577479650029,1.5874956735681942,2.3092752029435517,1.9937101081129704,2.013568901041262,2.398428726145015,1.9072821482223685,1.8712110529889923,1.2752994681809686,2.1017637967393608,2.3498667834631966,1.9865717677949393,2.135796869049552,2.4465126713400838,2.304934690229946
08,1.1598784722803872,1.5995132975535375,3.0326474143021978,1.4136567447311381,1.4159287707975006,1.2162284944843127,1.3757158415862862,0.0,0.6109522858480054,0.5376137209266624,1.5766750750527943,1.4132030202175885,1.3770223817854415,0.5902630815315576,0.9491553046363393,1.1296875406030054,1.4754248300044575,1.3602190081380505,1.5597021730877683,1.0224155941371817,1.0433156871864468,1.533359270959077,1.5540099807585068,1.3845575140986532,1.9764053278779556,1.1768941188521675,1.3702988880337155,1.2922440439491216,1.4060116270654537,2.4787114542698454,1.2634840855831935,1.098716983360745,1.8643298184839836,0.7462707692229806,1.0810235158456822,1.4943985885881297,1.2101219342044889,1.200865390100594,1.5667236539893008,1.7034849022669172,1.5321757665437659,1.8187524183042363,1.7378272854112118,1.567995028816093,1.0948916745973871,1.3632135273345183,1.560260960806386,0.6332861198382083,0.8650409949754946,1.3423498811427292,1.4982902477094984,8.268970224068143,0.6340929854890922,1.5015721800592792,4.08125987983196,1.123420002477526,1.7334032259025614,1.659218208183841,1.0756749672259824,1.0586008231995643,2.4980147977754075,0.650199554207249,1.4413010249266929,1.5580203277624118,1.8487273771613106,1.8025535283778122,1.7454197011514254,1.4151229823242584,1.207817585813337,0.7506245601598481,0.8451024984334572,1.46679348848679,1.2519169680604705,1.261998412398085,1.6062538356042577,1.7070113118447654,1.0176891055770823,1.5609024273990666,1.2470882560282361,0.706510051190539,2.4577447281664866,1.2982336424166905,1.4714350112502546,1.4885946635574405,1.2096878072916877,1.0109123085441545,1.7049908718146887,1.0931402877825582,1.0219751920869729,0.9014675036987779,1.262113122011541,1.5779434654741669,1.1152446071209692,1.3690953403463217,1.6224426494909094,1.540561703905568
09,1.3261772549212831,1.709737424183471,3.167705404942121,1.6317283468359502,1.6665789790227565,1.0053750531275087,1.2004671955070787,0.6109522858480054,0.0,0.6278885542753905,1.8730663567954142,1.5203046821101167,1.6741767468904976,0.550189895852825,1.173016701908332,1.4243672190465249,1.6679077967260425,1.6286555211063127,1.7796431801170323,1.259029567348207,1.1961908363237546,1.747125406390938,1.7618574298934888,1.568350875421978,2.298134602844701,0.948073784092664,1.564264323617209,1.5255573483077978,1.6223212170625478,2.650939896952384,1.5110868092778107,0.9668351073244149,2.0901103819550784,0.8709881511662425,1.033932133578158,1.6691290070383629,1.4703190720291681,1.440832443444092,1.784685450227167,1.688158437462593,1.4885269242084596,2.056486763903731,1.945308589769019,1.7775289943873454,1.0575774022472262,1.5794688034809772,1.8521253797518151,0.720647207429875,0.8259901197411865,1.5484201672285445,1.7751319619579804,8.352966831933609,0.741686249289922,1.5109522036861736,4.190818852999997,0.7883530328097293,1.9376840938404607,1.860469177581996,1.382398829564998,1.1310512010080314,2.6494851941082724,0.6790919797908423,1.6793100620002486,1.7784884515254664,1.9877995600633915,1.7038126545267487,1.8422383994558997,1.6082368867003713,1.0283249998014365,1.0207930281540147,1.007151265781854,1.6987824896051118,1.4692264502719363,1.5218535529948227,1.799899773428985,1.8920845479316215,1.2410114862105388,1.421965754845594,1.419627718343307,0.9401030414230203,2.6925034777201144,1.6038728238890307,1.4150156530945197,1.6861999262558085,1.4259018329545838,1.1638251166040894,1.8404536180286835,1.1316630770340985,1.0202865720236645,0.9119253070271797,1.4566727023036454,1.801824361969856,1.335622451078327,1.5266230168776616,1.7174281073577817,1.7598459890308067
10,1.2739156921842272,1.9143391717227898,3.4448506510246197,1.5541635510155614,1.6284865817131684,1.3418964713529797,1.0893405280794801,0.5376137209266624,0.6278885542753905,0.0,1.9822176478361668,1.7760609423494609,1.8083099111633523,0.6817582390741499,1.2885607219317616,1.506451207706425,1.6928625304755962,1.7253370523586606,1.7423928045304276,1.212733837540704,1.2837236674418793,1.6928277164992995,1.9695095943905112,1.6459737787234834,2.3405930515203774,1.064066479839912,1.762834713332031,1.6050521541836757,1.6460262123419922,2.914515021122615,1.622004206406435,1.1365141512585508,2.271267007497295,0.9749247068289515,1.14841691997716,1.685580882977962,1.4478595129101717,1.4263285856549426,1.8221324539305255,1.9890282413249736,1.8146702066188272,2.247461262771979,2.1656913669961373,1.8598592739393327,1.0115615619912812,1.7680015871626162,1.993915063083909,0.8919133928654409,0.8680252758212661,1.5655066996041689,1.9258127567128651,8.609987245912434,0.8324555037240111,1.8465572309722302,4.4711497975193675,1.139102182949956,2.1854867148225985,2.0909034663461075,1.3027120368536684,1.1344948163973865,2.9243526425046706,0.7644821255777918,1.7954069563868462,1.7082878581113399,2.218467918501066,1.5526475218919167,1.981380007980256,1.661726021742205,0.9536581158897264,1.0706558682346847,1.178213910556012,1.6400326118109174,1.4827203854374744,1.5463073293430492,1.9367865462903138,1.8405704274134198,1.163418448088118,1.385159781949792,1.6935517019630661,0.8465572731550413,2.8997669535253605,1.56023110546564,1.6530089994431658,1.6962777241689946,1.3685326906534108,1.3088035443786499,1.8820671983272195,1.41399236137217,1.242015272383155,0.9258133210283097,1.4495210589803602,1.7214189965947517,1.340914546721879,1.665964860400298,1.920355907636818,1.7461356268617558
11,1.4213877727117625,1.3301481999726774,2.295577153768154,1.3513596625848818,1.1193479857992739,2.052723671761102,2.4816289893083883,1.5766750750527943,1.8730663567954142,1.9822176478361668,0.0,1.1532604572388627,0.4376892075265523,1.6795911701528718,1.2490601664326098,0.872192204519257,0.9778787713192861,0.6716531321740759,1.0543860923262736,1.3696038030210345,1.1883431427809883,1.2286777923344723,0.5651005335428152,1.026423207828131,0.7597088537548086,2.183654747634447,0.8913256485652005,0.8074182395286621,0.9764587819938593,1.6695348311845655,0.550359682794536,1.9897730266390803,0.6579372463639483,1.4700568975048829,1.7828763738923914,1.1352341957799605,0.9815999387677031,1.1247208963331483,1.1223992412120785,1.374782505674193,1.3187450440352904,0.9241356400703093,0.8147464718784136,1.0062769114947843,2.1933513874963713,0.45817917780144823,0.8053221368902245,1.4534603547080132,1.7337851206819417,1.0780155665476496,0.730370941795025,7.831646186867539,1.4832956975948965,1.3683481718080264,3.5608453721412214,2.0822151649269807,1.234315884450644,0.6382655715838224,1.1671233467194224,1.659144235982798,1.67321182205861,1.6564947296985963,0.6420541492983088,1.3897301243317706,0.9149466425189521,2.6410261683558054,1.1877700347697522,1.0363098865932296,2.4036423196560346,1.1077109786687689,1.3664044838487488,1.2519457167531307,1.0871015421832593,0.9828108523788596,0.6639018686823999,1.3839644204038817,1.4573463797999373,2.3000758153510206,1.2220080990968292,1.4707819117766856,1.6932270528306692,1.0703148284040354,1.6580090278856998,1.1236206459886997,1.3091854987583373,1.1837284274936526,1.1770286516834376,1.404708605734942,1.2909410167032382,1.6457619796969336,1.3322744599149183,1.4578649654336568,1.1822770493128707,0.9448621915148286,1.0773536863421087,1.0317803408551645
12,1.347502095298423,0.7473641738641434,2.2376972078786177,1.4670501461665717,1.3693139520644602,1.6429050525459465,2.374855317926079,1.4132030202175885,1.5203046821101167,1.7760609423494609,1.1532604572388627,0.0,0.9443011154061272,1.4139954896365545,0.9873198406978906,0.7468713516724612,1.3752104387482522,0.8793466707025208,1.5242121540482363,1.2862569020475272,1.1048189121902736,1.5457884324480409,0.8353621769362445,1.1909735566423412,1.427927235411986,1.927916001838222,0.8165700717131934,1.0476209681643993,1.1740636902392279,1.8530959119591939,1.0495323893171853,1.6603282806795652,1.143199894078948,1.221712107715266,1.4927555367037677,1.4463183822131376,1.2566165413411587,1.2267063434516172,1.1764647270443263,0.8968220094519436,1.0050686124093733,1.235147912885388,1.2737805592423017,1.3655186804568344,1.9428426333695656,0.9140745632845696,1.0969247743479613,1.0903835388848389,1.6384145744247696,1.1736825852920887,0.9047293215740426,7.664670791830225,1.252097565779014,0.5279131290138317,3.496197749459451,1.5820760355151253,1.1819983182826166,1.0786847922168552,1.2185156963717374,1.4840455753949746,1.764843171977835,1.2856961712013866,0.885825492385028,1.5227868153688873,1.1632063175828113,2.5299425523285315,1.2957658572277282,1.2530769033633844,2.260808736791107,0.9285082426471855,0.9269427996112637,1.411964650036652,1.2202114079318314,1.1429144968795577,1.1063871012562196,1.642795940413713,1.332961325170708,2.0420358465953035,0.742428148755905,1.3477666322274533,1.7139901474778905,1.1356602473998856,1.638360470811346,1.4221625657343084,1.3276920328316546,0.8644812031664638,1.4725147508473644,0.920083892908976,1.0158018515767333,1.509245507469458,1.256088716989875,1.6123500123989363,1.1205274646062726,0.9717535420558523,0.8891685037015236,1.4760258025111468
13,1.3370172753014324,1.164565553954451,2.2440251468289674,1.3212473025340845,1.1425016374828216,1.857416428109201,2.352104991685706,1.3770223817854415,1.6741767468904976,1.8083099111633523,0.4376892075265523,0.9443011154061272,0.0,1.472525808568707,1.0574271596245612,0.6593783993943989,1.0308182586832095,0.5382099567055726,1.1677558731706417,1.2550037040809279,1.0474015934900873,1.24275731923469,0.596881401097096,0.9372201043839615,0.9554699757295371,2.010356676419914,0.7128631923612281,0.7941892503823501,0.9332618699484351,1.6625470220500977,0.5708516420653991,1.8068850249926385,0.7536544409762902,1.27401291351534,1.6235197298436659,1.1913010986413535,1.006370332363683,1.0493922181781334,1.1018763129764997,1.2920502859865761,1.2095157599233664,0.904214050054053,0.8285948018934312,1.0467631569387479,2.0054921756321935,0.4488846306868553,0.7669389398769447,1.2764754818491253,1.5875368113132597,1.0257304384528958,0.5800738786030833,7.786694085476738,1.3126880358636308,1.1560417110414054,3.5127616939365085,1.8798799799699704,1.1226543892265146,0.6434884246255473,1.0911564160780076,1.4898563679553973,1.6634681355984973,1.4717854047371393,0.5340317974553366,1.400607559290663,0.9870651814903919,2.527261899340008,1.1594812706011721,0.9957591708771064,2.2370903598258693,0.9260271119531785,1.174773521972766,1.2350987445096102,1.054427733690779,0.9668501999645405,0.7477755799683609,1.3951522706953814,1.3330939267604092,2.1969036055667504,1.0172022431010015,1.336462082508378,1.6294306412577435,0.9965562842836935,1.4874455520089898,1.1587496967841415,1.246030664604089,1.016423993324255,1.2569668060623698,1.1871755093440246,1.1517758340939328,1.5178998431244213,1.2468159492486652,1.451154830295367,1.076098026317905,0.8296273804753994,0.9606675222817467,1.1164176780473973
14,0.9813889693544028,1.4749844353271342,3.1393569043800227,1.3441879875195277,1.365973422274405,1.3472513068484375,1.3626644802354797,0.5902630815315576,0.550189895852825,0.6817582390741499,1.6795911701528718,1.4139954896365545,1.472525808568707,0.0,0.9653065570606004,1.200638806617177,1.351209596927373,1.3520143152104531,1.4689236444987468,0.9365871988847569,0.858832284582698,1.4285128064848178,1.6340227794879274,1.2882371837328026,2.012487758125726,1.1100395362006448,1.2821947959996853,1.1894959768241873,1.3489698847177045,2.629981806566888,1.2794714607706619,1.083670065237891,1.9114546054722072,0.5171518293906421,0.9658116135657466,1.3723253928107582,1.1866218401835278,1.1312862734619415,1.4505953841231258,1.4750513679455282,1.2761301573449895,1.9207333015240338,1.837988733570958,1.4778999297016697,1.1007991897146159,1.405787036437267,1.6697234044446756,0.7100659199398385,0.6073105712208862,1.2544331331727323,1.5461380959082731,8.383793250475442,0.4769390292720707,1.454712255003082,4.244191504133418,0.8296324210362845,1.8805775977280257,1.722580478702673,1.0605565927720226,0.7449968768005336,2.6053844086258384,0.6487251304921223,1.4284347051607902,1.4650925473296414,1.793799836750699,1.7359087679177034,1.507259881362299,1.2646736547984392,1.1466748082842226,0.8212601693564046,1.0055749296381873,1.373188232368943,1.1907239643553158,1.2845970883992228,1.5499955406653059,1.556995009863473,0.8959877873802294,1.524704955258038,1.4460762319467964,0.704833674726431,2.6283735305551166,1.2966176139504784,1.3851981990310838,1.3907484600111708,1.1257639335970997,0.871528001601737,1.535336865032124,1.0114348200734185,0.8370390048569603,0.7726542773064959,1.1113866242969621,1.4803364918703368,1.0285711517306646,1.2502562903262942,1.433977699244272,1.4415614606309
15,0.9179899402553876,0.9931500017954543,2.9314244968028955,1.0231776615616393,0.9584440686785934,1.5688261492608195,1.9281297813533624,0.9491553046363393,1.173016701908332,1.2885607219317616,1.2490601664326098,0.9873198406978906,1.0574271596245612,0.9653065570606004,0.0,0.66883905109078,1.1353187880910713,0.9136506406906653,1.248704767985062,0.6417162158474362,0.6442629159056917,1.1474821452737267,1.200012331889608,0.9976290362874923,1.54667589123618,1.5567882812629052,0.8703595192022419,0.9068522209069787,0.9301192256720182,2.4213860854895395,0.9804612255176199,1.2102447595824113,1.5330739202007497,0.7081791757222115,0.8526549854178536,1.1295618862624333,0.8306481337646481,0.7578062704383074,1.0683226413054552,1.2759059299935733,1.2160838991610858,1.6792471605613752,1.664516742104623,1.2108939945162265,1.4560865625092763,1.1344580764835197,1.3442275811613487,0.8269267107038926,1.1554161299646972,0.7961179956250987,1.2277913577460202,8.34211737739151,0.8674958284150782,1.0817116397629467,4.1349746308168775,1.2711496370095554,1.6505080467835476,1.4654849454824685,0.7801366808202185,1.0297073867160809,2.3828067325662463,0.7315373673204856,0.9355160893319525,1.1069762011147901,1.5090547555945233,1.9119015969147943,1.2085148622761,0.9532155620223614,1.7184056381821724,0.5992456004266083,0.5870813144021538,1.058079064803367,0.8392443685440911,0.8045623160916697,1.135723600881764,1.2870395846142841,0.8252272738582564,1.6022580726391695,1.0825126525912527,0.7107829009126982,2.3599692919341693,0.8194208132908994,1.546940480869773,1.097055913029562,0.8482352238083626,0.7757732808907521,1.2324460100958725,1.0773611989653171,0.8793191512530746,0.9143531816214752,0.8221441886476114,1.186929635660062,0.752303138384686,0.8470306513117033,1.1421471501356322,1.1904433658988332
16,1.0291730655125009,0.8915483540557508,2.5314571854862686,1.089783889872269,0.9435787108695002,1.6901389977094778,2.085304604872662,1.1296875406030054,1.4243672190465249,1.506451207706425,0.872192204519257,0.7468713516724612,0.6593783993943989,1.200638806617177,0.66883905109078,0.0,1.0243602836801855,0.597096322007038,1.174810653297116,0.9271579872484931,0.8252406194740981,1.1341517278664028,0.8073797178480931,0.8868343097092113,1.155736987530386,1.7390461516041917,0.6121071382903955,0.7544969053653996,0.8445499367951375,2.0333787868225444,0.7328515192903975,1.4987137301793327,1.1266085373462973,0.9389327037996209,1.2579051216211836,1.1074740482208933,0.8150217179898505,0.8117821224001595,0.9824883659410032,1.1872079974127787,1.1099371647958598,1.2644041001450617,1.2838286423323086,1.0784006037007403,1.6821580868465194,0.7477735162080043,0.9490047249974716,0.9258299616593492,1.336898363405384,0.7894472727068013,0.7690949786811566,8.050159639914066,1.0097265370531028,0.950566588315568,3.8031152895031584,1.5892002101755935,1.276553040048722,1.0762572874683491,0.7949016659600067,1.1772193445013854,1.9820230917132895,1.096099719048733,0.602938358753559,1.1544891275047575,1.183311718839061,2.220602192176869,1.151680829253159,0.8844356988013681,1.9828441451161594,0.5791364375603052,0.8036623653120327,1.0102003417713568,0.8657328864754851,0.7993243882442435,0.9193179926630917,1.2883707299622957,0.9048349486468089,1.8679788259750174,0.9414659847474545,0.9561978503263855,1.9083004293274162,0.7416049330299513,1.5209148540583468,1.0932085494885257,0.9679891115758769,0.7737704644053324,1.2027003622365169,0.9860778394701785,0.9799392034114623,1.159682423347653,0.9190364391900131,1.2691696701344881,0.7341403196940386,0.6485007384620212,0.9089789124096158,1.1059631725933083
17,0.7895592430075796,1.2326716655192027,3.006415011663472,0.755546962962796,0.6014923388019378,2.1601370730189706,2.20992542593777,1.4754248300044575,1.6679077967260425,1.6928625304755962,0.9778787713192861,1.3752104387482522,1.0308182586832095,1.351209596927373,1.1353187880910713,1.0243602836801855,0.0,0.7728356651519906,0.38593466771301976,0.8880009616028346,0.7300591002670935,0.5533224479242019,1.1753744859853563,0.6103648936490202,1.218879343704905,1.961508820708224,0.9838014786083387,0.5314911936227616,0.5646658994744249,2.445637249103112,0.6220897625709578,1.7907137900331518,1.3243256146395033,1.1371752188319726,1.5088209186631183,0.3708080152141038,0.4881311360438942,0.63406734517573,0.6957340824702439,1.2596661308430395,1.2578977569201297,1.6329384456666203,1.5257849179552436,0.6304859349927993,1.9456514293329334,0.9789334462269804,1.4422915152661329,1.2843754126787872,1.2689562395003566,0.6014003251010629,1.237066700560233,8.47731992807519,1.17354348318543,1.5148161334586157,4.288054980901878,1.7227428157633333,1.8777928978270884,1.3362250641427078,0.7736124794710697,1.070544924914567,2.394548830939718,1.3825197959033333,0.7538346949094188,0.8125891149663921,1.1859666145947525,2.20089050143968,0.6765631202774188,0.47960397896191537,2.0395607295191853,1.0305135234769165,1.4270424847915972,0.6437425486826528,0.6082114928779172,0.7476410106435315,0.6192119157608271,0.6431607403125461,0.9657682708846063,1.977613685085521,1.6635156180879127,1.0964557150181475,2.4825431211530637,0.7383458402287443,1.6339120322820158,0.41719178722073635,0.7152932053519764,0.9744681196304735,0.5156702109813666,1.4321386604300488,0.8899989613773776,1.1833386060777058,0.7316254811729741,0.7502461660139039,0.7145964176113268,0.6754349016139597,0.8780067711640769,0.31551283975984046
18,0.9855770407877931,0.8851777130452106,2.4775496227255145,0.9653932325106238,0.789224287847656,1.9901368726334585,2.3360255745067704,1.3602190081380505,1.6286555211063127,1.7253370523586606,0.6716531321740759,0.8793466707025208,0.5382099567055726,1.3520143152104531,0.9136506406906653,0.597096322007038,0.7728356651519906,0.0,0.9372463133763921,0.9402803639921157,0.7992837176829295,0.9538641401834395,0.7072705729625657,0.6277865161860143,0.9424193328281865,1.997716252631721,0.5346985802652982,0.4845681460455096,0.6960400897362023,1.9673378053731403,0.47296278439629247,1.7091533111482635,0.8917098569854706,1.0569825675480684,1.5353020549319838,0.8718961572669769,0.7227284974049162,0.772041842585213,0.6811691398734496,1.0432914362072856,1.1376804207341522,1.2100721088004627,1.1452508453805088,0.7258007574037871,1.9449808110350104,0.6846553314790498,1.0111953186423344,1.1981347509426326,1.4633310232687435,0.7365903924671027,0.7453828870540506,8.003191507552126,1.1819532853627208,1.1343108353825935,3.7844840573324916,1.7160205828839588,1.3739300644442707,0.9554489658732508,0.7973342368130603,1.2416841420236833,1.9064631406778865,1.3803459428886462,0.36404035551193514,1.0107068616467119,0.9619080901137735,2.415370849460429,0.8292576010438508,0.6545185945250664,2.160298193487445,0.8550715599412348,1.183524071201526,0.8648310288230084,0.7330530463194673,0.6857527956006476,0.5468098586896897,1.0479620910867082,1.0339068962651918,2.116249289012909,1.146777563978621,1.17869386046777,1.9068859343089268,0.7076406157816325,1.5867540675081573,0.8054284758862905,0.9423481104125859,0.8158933341064708,0.9215709730893995,1.1978051493217843,0.920244879403938,1.3619929497403431,0.8600303578972952,1.08070761097527,0.731867216979425,0.5932084726677763,0.6803927228128734,0.8006724882099203
19,0.8245582816731486,1.4362061368857724,3.155450061009251,0.7753742228890388,0.7165158847924039,2.252180503114558,2.2507221423624086,1.5597021730877683,1.7796431801170323,1.7423928045304276,1.0543860923262736,1.5242121540482363,1.1677558731706417,1.4689236444987468,1.248704767985062,1.174810653297116,0.38593466771301976,0.9372463133763921,0.0,0.9501471154391011,0.829336270699233,0.45873087055414574,1.3254456349357546,0.8247075794337521,1.241056672566558,2.062734792881222,1.1955237670479146,0.7087012155444553,0.5665922825568228,2.5830413277176647,0.8051684760091369,1.9371660722182975,1.450235304407499,1.2970164119538738,1.5745824132412833,0.5135779456818488,0.579595574818425,0.678480288953407,0.7732159898799599,1.4762492277378416,1.4671717914638565,1.7572000689183722,1.6461949555633244,0.8895656020717247,2.0623091617553753,1.1210375235430818,1.568581333874963,1.4018477438278765,1.380923916549014,0.6237235909981662,1.364912917442007,8.573424893772012,1.276659160679122,1.6934563353519212,4.42537247569861,1.9031596370474189,2.0663209060329617,1.4738257779563884,0.7640136395605001,1.2443621070039965,2.5512746982222825,1.4577077345879221,0.8898833399747493,0.8516444289629315,1.3808900317647903,2.194894280175295,0.8095603573756388,0.6352168376328653,2.142455016798232,1.0955089453923128,1.5011002727925384,0.678500975819142,0.7725362603880737,0.8790761716014626,0.8183992727329048,0.6170170110329446,1.0797325853725894,1.949178657854181,1.8068312311805979,1.1347355471324012,2.6012401190233216,0.7503499528199014,1.7807115210689268,0.5966919708388913,0.7223897865690316,1.0856519410484378,0.5225403866746564,1.5883193496405803,1.0414447093481483,1.2658159506685351,0.856073875775307,0.7356609879895817,0.8477627577407045,0.8824372643226372,1.1022721987234603,0.39417718048266004
20,0.4648279510046437,1.149174488575989,3.2383841864425835,0.556140102696404,0.6609298379318851,1.900055182272142,1.954323825794024,1.0224155941371817,1.259029567348207,1.212733837540704,1.3696038030210345,1.2862569020475272,1.2550037040809279,0.9365871988847569,0.6417162158474362,0.9271579872484931,0.8880009616028346,0.9402803639921157,0.9501471154391011,0.0,0.5203636714556038,0.7808844783647544,1.403100159098151,0.8301186678262661,1.6199271307778038,1.6939399798469812,1.0456933370980184,0.8036796785625641,0.7715886494041894,2.706666586749892,0.989115808178881,1.3679738606499203,1.6987204929855695,0.6135689348827117,1.066567957532228,0.798982610120518,0.5730657123039291,0.5790946220889588,0.8556493299440336,1.3899274788964553,1.4140621159396214,1.9487948505814603,1.8617504883307898,1.031448029457112,1.539607799941024,1.3081950705272718,1.6300861280083327,0.9238087591302098,1.0467217394018362,0.6153268471904776,1.4283961794489881,8.635752477860704,0.8252533944415011,1.44049373493689,4.459409046368626,1.2950527785617911,1.982736742321884,1.6876269800737325,0.44056724472108233,0.8329145361841936,2.6804771263384772,0.8694813859878241,1.0315634050704923,0.6857269370964023,1.6478691255515834,1.829258066174966,1.0841895426039394,0.77723552969598,1.6913101610780465,0.7376815151753435,1.0042573473234422,0.654723523725974,0.5635668271452501,0.64557361745131,1.1161560755222677,0.8738883735794005,0.5650621842338676,1.621841248940425,1.4628262594972161,0.5710912819805176,2.667499801884721,0.615303583981775,1.7603396611192292,0.7482542330156507,0.45159060310285937,0.7825753993774637,0.957924859051668,1.3500972592709448,0.7921700363613037,0.8216913213432411,0.41071980401477864,0.6947712834299458,0.48023132642025607,0.898844681605994,1.1718972279681639,0.8688967137530662
21,0.49055423454850905,1.0121350410447159,2.999887601918283,0.7479769808685754,0.789406263608608,1.776090108320811,1.9144972932474587,1.0433156871864468,1.1961908363237546,1.2837236674418793,1.1883431427809883,1.1048189121902736,1.0474015934900873,0.858832284582698,0.6442629159056917,0.8252406194740981,0.7300591002670935,0.7992837176829295,0.829336270699233,0.5203636714556038,0.0,0.760318999510695,1.2167971899135,0.6528316822688153,1.464289866865064,1.6325669254198791,0.819434931276366,0.6211484366035344,0.6039590383282658,2.4972415418405856,0.7888006834989602,1.4425268619108433,1.471270673134532,0.6933953052668175,1.035321790825685,0.7264444671490842,0.6273711035809681,0.4983659681286052,0.7840687940087775,1.1111436299033746,1.0693164584013117,1.6789950255128583,1.618001837899265,0.9420302786776654,1.5942130445317821,1.0439264656364826,1.4359351807797525,0.863508047321771,0.9529789366818163,0.5187945058088343,1.1778588286734755,8.418416473424221,0.6930459087101072,1.2178928265253177,4.258091051430223,1.2484266795466463,1.7921931594712632,1.4180231787357649,0.5379789624370737,0.7998575101633394,2.430532764958159,0.8577847816402163,0.7833687452044641,0.9021504932797042,1.3485565887598523,1.9837658234448652,0.7824642027018319,0.6110544344651841,1.7378287109223383,0.6116761498741363,0.9558099361262269,0.7189167337672512,0.6564814561085219,0.7597552014141293,0.9398535652186262,0.8710901972278845,0.684081198881577,1.677518540050069,1.3508025257247265,0.6509636515181835,2.4602033911955052,0.632483056941638,1.5032661928856212,0.7680910862703061,0.5065337634885528,0.5493299659709405,0.8505313442531818,1.0579106354137413,0.5728164749837621,0.8452323722977195,0.5339587620015545,0.8418239627140469,0.4726309766578814,0.5984966896834268,0.8501123301378394,0.7992279903361762
22,0.6636181257643189,1.405773699056789,3.3413665570716047,0.5312863926424605,0.6216755961620412,2.2906669766938363,2.2003738796483034,1.533359270959077,1.747125406390938,1.6928277164992995,1.2286777923344723,1.5457884324480409,1.24275731923469,1.4285128064848178,1.1474821452737267,1.1341517278664028,0.5533224479242019,0.9538641401834395,0.45873087055414574,0.7808844783647544,0.760318999510695,0.0,1.4461663347236515,0.7363867169075681,1.4453499982740825,2.0260022108014497,1.1941295435232628,0.8378185507320547,0.46813421911815284,2.7901590568961643,0.9482760733746184,1.8540964787405165,1.6513379480093733,1.1993364016250394,1.4734192838736788,0.532616426176644,0.5742129618511238,0.5203029679470631,0.7835805376389638,1.5719143108255147,1.595486105813306,1.9761714362525051,1.8637455662927425,0.9940941335106381,1.9767074296625013,1.2971944284674637,1.7493787564675194,1.3543325238206978,1.3347887823133022,0.46504202705927766,1.4676145315237985,8.810722425937978,1.2419137548191104,1.7093550644524262,4.640333262860557,1.8538679436816647,2.19847282478508,1.6736259603024182,0.6279640576757667,1.136290736296629,2.7516810046218083,1.3908607649602884,0.9038149664173126,0.6732274504035274,1.5626337335881364,2.044139338461768,0.8344059327923163,0.5553455355661231,2.063332603051115,1.0568646444605574,1.4684668064324422,0.46448063869697986,0.7075844170233735,0.8709417501357947,0.9881519900675441,0.4068581221910455,0.9168485586383759,1.859448365240862,1.854670259275776,1.0193344836489187,2.759266885798086,0.6207142523723971,1.851378750143982,0.5893194218504995,0.5234261209778034,1.1264586260053666,0.6107939917000527,1.665517005048175,1.0476077168469264,1.1189622669871968,0.6803292970330437,0.5225568180993593,0.696566535517079,0.8119384661209321,1.1386589068597404,0.5170770280189722
23,1.4519458823069693,1.0464789854276053,2.064328405418519,1.4297224849417638,1.2001420270702046,1.8904759805292066,2.5046339627230196,1.5540099807585068,1.7618574298934888,1.9695095943905112,0.5651005335428152,0.8353621769362445,0.596881401097096,1.6340227794879274,1.200012331889608,0.8073797178480931,1.1753744859853563,0.7072705729625657,1.3254456349357546,1.403100159098151,1.2167971899135,1.4461663347236515,0.0,1.0193965732175394,0.9855033033204391,2.146306565178605,0.799500277894597,0.8590979431626221,1.1490166515007478,1.4780226921282422,0.6493686828743155,1.885384532430513,0.5611155917356482,1.4009313789915723,1.7768998782942598,1.2471415821963079,1.1066982359473676,1.2819091117578159,1.222716936603375,1.1079824798414917,1.1081690559203283,0.8803273379276412,0.7838431913654894,1.0646230199413542,2.1552332943745505,0.5010911545039507,0.7577944817708272,1.3327294722885774,1.7892230989957134,1.19901755909554,0.7365684917445995,7.600378875054699,1.4255832779214253,1.0164251473262396,3.3148286011934434,1.9034587215779015,0.9337817103709039,0.5725252852578231,1.2626804639417253,1.6821162502430502,1.4465860223000242,1.597575534350922,0.718703641598718,1.4463301593547433,0.8480720578585355,2.731218707338807,1.2490477392543262,1.2001735661936488,2.4076851960134507,1.103660687896631,1.2571398823069688,1.3536056779525527,1.1095979507712999,1.0097720818058686,0.7329452030331814,1.5413807967540667,1.4802190929000985,2.329580328766887,0.8804734751660458,1.509326110295868,1.5216008311807148,1.1899788175161072,1.6833701954948648,1.233858310344116,1.388051031229491,1.1128223273941464,1.2995801834952132,1.193970511686835,1.2282518337455872,1.6765404436734155,1.3405609205548787,1.5877079105062168,1.1632729110385496,0.9345782295213583,0.9710099334886764,1.2217451956356162
24,0.760091367420242,0.9956699108895699,2.880584650664871,0.6774944782156559,0.6002864764672421,2.0693501071256586,2.220584681681777,1.3845575140986532,1.568350875421978,1.6459737787234834,1.026423207828131,1.1909735566423412,0.9372201043839615,1.2882371837328026,0.9976290362874923,0.8868343097092113,0.6103648936490202,0.6277865161860143,0.8247075794337521,0.8301186678262661,0.6528316822688153,0.7363867169075681,1.0193965732175394,0.0,1.3181501178289152,1.95543968600153,0.8532819505788884,0.5776445976296005,0.6484802325955752,2.3594278161912507,0.6129797613809885,1.6838659351592036,1.2701499794478979,1.0246374874367163,1.4898689548088873,0.5230104646794574,0.6332938009703758,0.7350078129545772,0.8098746255093255,1.1632605611150642,1.2107398519377368,1.6249780363334634,1.517892908087288,0.6795044487893526,1.8799192896128212,1.0055690376278439,1.423099882032227,1.180396511415898,1.33750298086304,0.6654782334952495,1.182848017202248,8.365126551541076,1.0839376965873238,1.3249221744553323,4.1597879707533645,1.586649971269419,1.7276216196146286,1.3128815938467662,0.7757869908942405,1.118443069813808,2.2926174123406233,1.3199881013370947,0.6363602581433614,0.7844496175484855,1.1938621175567885,2.278001384527792,0.7214050674293516,0.6270442200074795,2.009629663857657,0.9465446036406108,1.3347014307029699,0.6245340649669461,0.5345280244150564,0.7072159334569704,0.6823166074011703,0.7159346466020248,0.9497112616912463,2.0387807449856252,1.4434326902988048,1.0831758635577615,2.3677877205470113,0.7467186808710161,1.6530011338873494,0.5481153234090105,0.6948400655274274,0.935724536196398,0.7272813241123949,1.31758887817047,0.8660188765656851,1.1973094074829174,0.6634416826484649,0.8231153560647471,0.5307526202787529,0.5059723131472945,0.7713976604717673,0.5962188213934169
25,1.630509620542827,1.4184170652111947,2.2839433969527754,1.5620182309666581,1.328856044953977,2.472259942634955,2.8236208164112315,1.9764053278779556,2.298134602844701,2.3405930515203774,0.7597088537548086,1.427927235411986,0.9554699757295371,2.012487758125726,1.54667589123618,1.155736987530386,1.218879343704905,0.9424193328281865,1.241056672566558,1.6199271307778038,1.464289866865064,1.4453499982740825,0.9855033033204391,1.3181501178289152,0.0,2.52071499502448,1.0909446377759917,1.0150633093329595,1.2655302727497992,1.8178501803362483,1.006987305540675,2.305314498510796,0.7363850649982399,1.786244930958719,2.073592774911874,1.355515192987369,1.2700579436955952,1.3846481331565126,1.1405393348818373,1.482894444058819,1.4652467609296669,1.0820652357575598,1.1743780296316781,1.1143250413875778,2.495705122797878,0.9767935219302927,0.9087218286154402,1.8735244365103487,2.0494552236420267,1.2935410590441085,0.9442340058205011,7.729264312651074,1.8248984615774937,1.6477483602071266,3.5902177031758176,2.39119155166957,1.4859383796115782,1.0242973350605447,1.4003151126260243,1.905505257522795,1.7496873107267152,2.013005476517097,0.9667647894282073,1.5476442083794135,1.0372441889966613,2.9277260316007436,1.248198484836146,1.2260141124104604,2.7503387080419714,1.4694500209635226,1.7477262358287953,1.3925759732518634,1.3992481675112118,1.2749436389348612,0.9076693613557654,1.5015376306125712,1.6587307110254883,2.588644152875888,1.5881118000971484,1.806045984962047,1.743231622264707,1.2758941151084828,1.9578150221890704,1.3615944587669813,1.563551175556031,1.3995822323415443,1.2768555432831978,1.6434818007583656,1.651168920698538,1.9993378945701594,1.4988264792667028,1.5891652104744565,1.4247050696773103,1.2166940266742339,1.189239755990855,1.2027745483764594
26,1.7462146176092435,2.0441201198068346,3.459034293730788,2.009684996941411,1.978299259236662,1.1254282753993752,0.7198130187142429,1.1768941188521675,0.948073784092664,1.064066479839912,2.183654747634447,1.927916001838222,2.010356676419914,1.1100395362006448,1.5567882812629052,1.7390461516041917,1.961508820708224,1.997716252631721,2.062734792881222,1.6939399798469812,1.6325669254198791,2.0260022108014497,2.146306565178605,1.95543968600153,2.52071499502448,0.0,1.9276969211060813,1.9013929412251933,1.954616242930785,2.9631108585412096,1.9001437342427314,0.8076727756002824,2.434271107498924,1.4297536516240588,1.075207889917084,2.0169328624891953,1.8117418071830291,1.7391616321244991,2.1113229098519497,2.095244840017553,1.8352272947421822,2.341860282608157,2.297356559877304,2.1500606640514355,0.5937474449982875,1.9361783857701214,2.107738046541459,1.3093615093046906,1.0464646085956435,1.8650084157601003,2.0987191241173653,8.594716561755655,1.3221629347522412,1.8562888771358403,4.466124809086432,1.3206141561028264,2.283371153802317,2.1913375167345337,1.771825117175062,1.3534216847376452,2.9531704019681047,1.0849438718765572,1.9954382179019317,2.124311500707385,2.2724779384741485,1.3056345895074855,2.136629904971258,1.8824395588189424,0.7906343186289072,1.3748340900749751,1.456938404956117,2.037724580882722,1.8684918651688076,1.9544301961218573,2.129200129338288,2.193131862660846,1.5865066182522536,1.1699438525747343,1.917652664842466,1.3828395299326228,2.9749258182334324,1.9362435467798509,1.1059195565127762,2.0552830493825205,1.7838119738241747,1.6662263508854098,2.153961257063584,1.5212552165140554,1.5562481424020638,1.0634890646269815,1.8284487497182147,2.1398128276719355,1.735480762477661,1.819416009569699,2.0664109925688496,2.091862078728948
27,1.0768485318986005,0.7280701323326829,2.3971411155889477,1.206973529663097,1.0556470315051865,1.938782008973354,2.3203809807154343,1.3702988880337155,1.564264323617209,1.762834713332031,0.8913256485652005,0.8165700717131934,0.7128631923612281,1.2821947959996853,0.8703595192022419,0.6121071382903955,0.9838014786083387,0.5346985802652982,1.1955237670479146,1.0456933370980184,0.819434931276366,1.1941295435232628,0.799500277894597,0.8532819505788884,1.0909446377759917,1.9276969211060813,0.0,0.6372746834715216,0.9210984083347091,1.9545912561042362,0.7188789663990313,1.6633687622187099,0.9923266417389222,1.006767326573053,1.4570028448864643,1.0828766356084891,0.9549194470411968,0.9294554943453787,0.855545116231088,0.8414723855384018,0.8873725217483905,1.1881825164209217,1.1991380326302068,0.858477785773574,1.888181217314258,0.732708924473898,0.9872705201408774,1.1487862220472707,1.3974696048224176,0.8972360908087011,0.6167260380962621,7.909135846653529,1.1264654230913305,0.9561487070803852,3.718540683362123,1.5629128030100188,1.2444047920394625,0.9780847927904393,0.9494790566055782,1.1652157948221133,1.8367577477952386,1.3474357075839212,0.5793140576162807,1.2470026344678045,0.8925861492849201,2.4973442876329006,0.871864864130926,0.8034976987569458,2.162244298002605,0.8809633999037627,1.128378025956751,1.069023647278789,0.971643543006193,0.917549434524124,0.7861568508597273,1.2949965729315525,1.0363269508628314,2.157091224989484,1.0596663226141658,1.2153724180553884,1.859955967612448,0.8832394455886347,1.5330212803682788,1.0583502786978793,1.090856606266598,0.7050385801004599,1.1542803221911544,1.0047510636549273,0.9508774124480976,1.3549900590237562,0.9302852912516173,1.2759068048565956,0.8392537658902461,0.6004803258670306,0.5753445683009988,1.080510329020558
28,0.7831308229272851,0.9125255196594623,2.683512729379317,0.8679755276172549,0.6399804073871597,1.979832576212866,2.2171003971403636,1.2922440439491216,1.5255573483077978,1.6050521541836757,0.8074182395286621,1.0476209681643993,0.7941892503823501,1.1894959768241873,0.9068522209069787,0.7544969053653996,0.5314911936227616,0.4845681460455096,0.7087012155444553,0.8036796785625641,0.6211484366035344,0.8378185507320547,0.8590979431626221,0.5776445976296005,1.0150633093329595,1.9013929412251933,0.6372746834715216,0.0,0.6798604885322987,2.1331650830792737,0.41115822869603785,1.6615211385539743,1.0406026009878793,0.9324042587540965,1.4506590296214097,0.6211211684493003,0.530052568942412,0.7100159184416794,0.6598038520039624,0.9792579710861244,0.9942691993457408,1.3303506425296827,1.2574855382487875,0.5732970473232414,1.8500419140539006,0.7357068541071775,1.0971397785371035,1.1253941795103595,1.2859777461211457,0.667631122733162,0.9165217866958378,8.104955667166037,1.0171251722574626,1.218998763590936,3.9343096328940117,1.5774574502738843,1.5028250502796485,1.0568213920538605,0.6837766587039613,1.049682819108798,2.0761104207563155,1.2731539798612534,0.577210286687457,0.8587559256745092,1.0146379820488958,2.324888729494578,0.7076909582222021,0.5962827652696563,2.0344980526940786,0.8250691696684672,1.2117243378294025,0.7534844358912487,0.570894280570236,0.6302337965716956,0.5152577749003662,0.9104493449511026,0.8933787892376773,2.042085918246936,1.2982570998240075,1.0549337096967446,2.14158043764545,0.6773390245156594,1.5626099073414366,0.6110005488468997,0.7823815316906514,0.6848992653644825,0.7175830580129371,1.1319114756365931,0.8213240831765083,1.2286825841109503,0.6896506224416119,0.9287208759747138,0.6103990304536302,0.5857944650162444,0.6974400881674887,0.5817559040984858
29,0.7098358982203923,1.142803302039189,3.0098202152729683,0.6545435589582117,0.6941143730151808,2.0790992720339743,2.2154094298265234,1.4060116270654537,1.6223212170625478,1.6460262123419922,0.9764587819938593,1.1740636902392279,0.9332618699484351,1.3489698847177045,0.9301192256720182,0.8445499367951375,0.5646658994744249,0.6960400897362023,0.5665922825568228,0.7715886494041894,0.6039590383282658,0.46813421911815284,1.1490166515007478,0.6484802325955752,1.2655302727497992,1.954616242930785,0.9210984083347091,0.6798604885322987,0.0,2.489209707893511,0.7411362200950328,1.7591806512471424,1.365749554420588,1.1244400721494798,1.3570926503826726,0.6400793744688792,0.5668429579523837,0.45005284855709177,0.6711723901587172,1.3152780352680389,1.3586153030842227,1.6641024201195682,1.5907328593902044,0.9380989620432005,1.935563090908538,1.0041453268376634,1.4819146316548302,1.1845040486498886,1.3342021893966347,0.28455339228465437,1.1515140611326582,8.502181768333534,1.1466698568172953,1.3688771185496755,4.321313929708024,1.7331468835714072,1.8912363766550018,1.3847589412417416,0.5799599475848323,1.145579665357522,2.435973046608006,1.2479308723139488,0.5706967082752018,0.8019600818275455,1.332147728952175,2.138013748273257,0.7332871699726501,0.5438244361057682,2.093752877865829,0.8161659087147757,1.1890311863436815,0.5735080108993347,0.6615804352077702,0.7116776931701929,0.7903676638735486,0.6635915657074712,0.9259891782070335,1.8222765436613968,1.514914980512961,0.9723496094904168,2.429034568808825,0.42093468222991737,1.6868222076876764,0.6464555229996863,0.5594081466415581,0.8746127266783795,0.6702759511761015,1.41138976233616,0.881823985810714,1.1293136311705076,0.6967833913691452,0.7215008625335819,0.6286157405622309,0.5942645569993714,0.8719839649737711,0.6171372698201407
30,2.7651665274052553,2.1865058475604546,0.9270812826951789,2.812018371248398,2.582041108897248,2.4108225375669354,3.3425378225039597,2.4787114542698454,2.650939896952384,2.914515021122615,1.6695348311845655,1.8530959119591939,1.6625470220500977,2.629981806566888,2.4213860854895395,2.0333787868225444,2.445637249103112,1.9673378053731403,2.5830413277176647,2.706666586749892,2.4972415418405856,2.7901590568961643,1.4780226921282422,2.3594278161912507,1.8178501803362483,2.9631108585412096,1.9545912561042362,2.1331650830792737,2.489209707893511,0.0,1.920820246029078,2.813633730499493,1.2776731776527404,2.5289666725485316,2.9021008142178872,2.5938807936330495,2.459350630425578,2.595850908033354,2.4484682367792794,2.085504434978488,1.9902219821396518,0.991422762345114,0.998255374826427,2.230938221812166,3.057373134841302,1.5781703927952797,1.3067706007695652,2.403540492234307,2.819160827862987,2.561000619838939,1.5834602845120715,6.297611550382789,2.510868262365331,1.9150269807576814,1.9149605533960148,2.836217183775818,1.0081587457099999,1.1753380045228983,2.566861467244653,2.8106336476924856,0.5186645895039532,2.6970634574181136,2.023297804106404,2.843487549284004,1.6674458789598605,3.7965685598102916,2.4697329100765355,2.4808696140680087,3.2923857917390547,2.293845918082465,2.3051422554381746,2.719409061068968,2.4840943661707726,2.3472844419492067,1.975899906540914,2.886442620385324,2.723648678623166,3.374736737477181,1.58683387247302,2.7239127803422267,0.7404420480792474,2.5206946104654846,2.3122547251700865,2.5673347004477565,2.748841071093968,2.218584951192987,2.6120962299273147,1.957023276608019,2.3718568004315683,2.8824323508564738,2.679260856900618,2.926439865401932,2.5106108808231116,2.2695961398750666,2.1242744608164643,2.519263384867285
31,0.9999865376894147,1.0879231140144305,2.5353850861954945,1.0096638947192689,0.7630305025711365,1.8776672029457324,2.1918190017376196,1.2634840855831935,1.5110868092778107,1.622004206406435,0.550359682794536,1.0495323893171853,0.5708516420653991,1.2794714607706619,0.9804612255176199,0.7328515192903975,0.6220897625709578,0.47296278439629247,0.8051684760091369,0.989115808178881,0.7888006834989602,0.9482760733746184,0.6493686828743155,0.6129797613809885,1.006987305540675,1.9001437342427314,0.7188789663990313,0.41115822869603785,0.7411362200950328,1.920820246029078,0.0,1.6851812466484006,0.8757643400074198,1.0579463043823236,1.5231768310985077,0.7408484868542006,0.6090142683338585,0.8135416828938631,0.8870052665230577,1.119853876058462,1.0837837230560694,1.1547428344268953,1.0137364098246242,0.6634586482852577,1.8916160331488532,0.5054783105566121,0.9782890896326388,1.1101927612205973,1.3555723559327872,0.8010198609273754,0.8526006526970944,8.016429834654334,1.091078605596692,1.2161946017039351,3.768725501292914,1.6718697528820907,1.3339997115091144,0.8310657163834144,0.8438196031237705,1.2272404653411788,1.8978051859756828,1.3245509479682975,0.5159656090842173,1.0445783669544662,0.9373208464787195,2.371186323674965,0.9138463507994536,0.737468342232143,2.0382522221355477,0.8537437375422319,1.1871504522719973,0.93639503557687,0.6695030155358037,0.6804943322176911,0.47909604898232117,1.0764454167315298,1.0625198135093774,2.0806881591073005,1.1813333292019772,1.125158045818222,1.980907689625246,0.8335257547829543,1.4951643098537248,0.7277524654634213,0.9495087383804556,0.8633088900452381,0.8764015056246742,1.155186170636858,0.8763056219652496,1.288381531943437,0.9314587704399985,1.1286145684656976,0.7749425969289674,0.6425424547398167,0.8285355335478926,0.689685440542401
32,1.5589018451997834,1.6913451783415356,3.3123684069149766,1.694507893082185,1.6514176413411903,1.2764297088895609,1.3233531778055239,1.098716983360745,0.9668351073244149,1.1365141512585508,1.9897730266390803,1.6603282806795652,1.8068850249926385,1.083670065237891,1.2102447595824113,1.4987137301793327,1.7907137900331518,1.7091533111482635,1.9371660722182975,1.3679738606499203,1.4425268619108433,1.8540964787405165,1.885384532430513,1.6838659351592036,2.305314498510796,0.8076727756002824,1.6633687622187099,1.6615211385539743,1.7591806512471424,2.813633730499493,1.6851812466484006,0.0,2.199719850956694,1.162715012404826,0.9236069849300594,1.775817532429302,1.5596668478888256,1.562538920994497,1.8384678694764485,1.8445239189698241,1.6981262392156513,2.248803913418573,2.1894900234297605,1.8262945683774583,0.6741465159117725,1.8096650784510846,1.9514160039466701,1.2263140609644607,1.1147765014823252,1.642761558328343,1.960229464996248,8.556791480525332,1.2835683769873893,1.6280062772128643,4.353297333572896,1.0638850287110087,2.1057157766856673,2.06480270564018,1.567181821024688,1.2799076719944922,2.8073386754252136,0.971990047746109,1.7788537623319192,1.772639893996151,2.112712772093721,1.351985439666033,1.9311052295830853,1.6860236978088905,0.9406747357638766,1.233816686390443,1.2579876756259878,1.7704407801282316,1.53350794360894,1.5638086282891155,1.843817243493979,1.9508849707690796,1.38299108547388,1.245148047995073,1.6207133326461172,1.267577901282188,2.8464711546506574,1.6938064237823953,1.2602353408321878,1.7471013526445254,1.5712545198941235,1.4822160320771312,1.9088701609498706,1.5065009785527907,1.389942346850036,1.005757413232631,1.5350285258139602,1.8533052988477146,1.479807912692094,1.6296521549530518,1.8485497788608942,1.8591429509078574
33,1.7238942989963053,1.2984976679697573,1.8104671922583635,1.6911851460111473,1.4658127379453862,2.193981447290316,2.7921472246963766,1.8643298184839836,2.0901103819550784,2.271267007497295,0.6579372463639483,1.143199894078948,0.7536544409762902,1.9114546054722072,1.5330739202007497,1.1266085373462973,1.3243256146395033,0.8917098569854706,1.450235304407499,1.6987204929855695,1.471270673134532,1.6513379480093733,0.5611155917356482,1.2701499794478979,0.7363850649982399,2.434271107498924,0.9923266417389222,1.0406026009878793,1.365749554420588,1.2776731776527404,0.8757643400074198,2.199719850956694,0.0,1.7140969530391374,2.079253509025347,1.4514634696420652,1.3782878686884035,1.5286742912155074,1.3190398418467715,1.2273674470460896,1.2200971383327919,0.6788411550321638,0.6594465582168381,1.1287049795644766,2.462998404766066,0.6872181587145547,0.7123827816623759,1.7253334416889134,2.04204870321995,1.4366167131881193,0.7917228466106233,7.363159650180723,1.7479444898057959,1.3347249964841703,3.10703979378773,2.1767219468358223,1.0040580267492822,0.5359915618161586,1.5409526233896527,1.940412329765046,1.230501491283366,1.9453978595335164,0.9343048587036908,1.7044585298472723,0.8184918339273054,3.01998959434106,1.3269734477407724,1.3748061177950757,2.689551245247726,1.441075771455625,1.6194774776120466,1.5783328044478373,1.4081482742462748,1.2721179938426765,0.8309248531009608,1.7016842614628833,1.7700137820998443,2.626331230952804,1.1913264403410855,1.8416506509866624,1.3479342976558122,1.44214521563373,1.8069417216415677,1.4322089656628652,1.6871591134957733,1.328962150140263,1.420353302597969,1.4195527017664389,1.5015786269650384,2.0250906736959284,1.6049465324604315,1.7932524407438641,1.4780756315573809,1.2127279958230406,1.071983011631292,1.3520425113333077
34,0.7625147721819187,1.1944196984873807,3.0492457142088396,1.0378275437222577,1.0364274026571427,1.5781444175963637,1.721006800585537,0.7462707692229806,0.8709881511662425,0.9749247068289515,1.4700568975048829,1.221712107715266,1.27401291351534,0.5171518293906421,0.7081791757222115,0.9389327037996209,1.1371752188319726,1.0569825675480684,1.2970164119538738,0.6135689348827117,0.6933953052668175,1.1993364016250394,1.4009313789915723,1.0246374874367163,1.786244930958719,1.4297536516240588,1.006767326573053,0.9324042587540965,1.1244400721494798,2.5289666725485316,1.0579463043823236,1.162715012404826,1.7140969530391374,0.0,1.0503942207371981,1.1172340322328154,0.9041921258307278,0.9085221537469038,1.170166456817019,1.3009230993732501,1.2075200544187392,1.8331444384448627,1.7384941441447095,1.1791950866815042,1.335560885793528,1.2578595930691348,1.540225467167329,0.677186168742407,0.8308507966592535,0.993788071610355,1.3860415453965136,8.395641416763144,0.5374357147376736,1.3136021235099504,4.210169568919051,0.9555897613019861,1.7620294058232944,1.5966396024606353,0.8046831023118469,0.7024796200119154,2.499799266178612,0.7623446664914094,1.1889326342642996,1.1253821608612213,1.622425461516325,1.8710767645614537,1.2943507799874234,1.0113363703865377,1.4385084419486995,0.7360556850167507,0.9187521078557277,1.0712873616870593,0.8655582236557952,0.9395229119081999,1.2847188064899913,1.305016909004833,0.6385528142375021,1.6766064976810382,1.2954376883902554,0.626150965584514,2.5214716496515424,1.024029366115281,1.5777276198175973,1.0902019006291797,0.8953718686621999,0.717066322986309,1.2867832852786525,1.0580910615627912,0.7187606628291762,0.7973946078470073,0.7930082643800567,1.1966393546769454,0.7216107586162798,1.0140101835122473,1.217393590902336,1.191521765043138
35,1.250247274422506,1.554408631311024,3.3767221282456017,1.3969956479885766,1.4313715623721448,1.401381994564995,1.4305234248427103,1.0810235158456822,1.033932133578158,1.14841691997716,1.7828763738923914,1.4927555367037677,1.6235197298436659,0.9658116135657466,0.8526549854178536,1.2579051216211836,1.5088209186631183,1.5353020549319838,1.5745824132412833,1.066567957532228,1.035321790825685,1.4734192838736788,1.7768998782942598,1.4898689548088873,2.073592774911874,1.075207889917084,1.4570028448864643,1.4506590296214097,1.3570926503826726,2.9021008142178872,1.5231768310985077,0.9236069849300594,2.079253509025347,1.0503942207371981,0.0,1.5141517332439416,1.2845527274713164,1.155968461266011,1.5400550206790147,1.6698677173134868,1.4780795978248344,2.163435609706464,2.1470676658187453,1.7194612529695534,1.0588435230067665,1.6142250700285288,1.8303113125116934,1.0818919081996832,0.9711465523351478,1.2213238276696923,1.7580619173175387,8.77071156677529,1.0684428222235482,1.5044548498656887,4.562249280783013,1.1409760152564625,2.1507845999211854,1.9655866316855644,1.247821586149354,1.1534888733024329,2.8632029291491286,0.6096959027176639,1.5094788650209479,1.5291155172527113,1.9546750590684026,1.3073933448583905,1.5981448988349307,1.3504565503798058,1.3017641610199528,0.9418113334231134,0.8966003760646638,1.4638146532837717,1.3257105835554472,1.3452020218169216,1.6542180389532932,1.6100799830035273,1.1595162998703419,0.9683813180234222,1.58986754562315,0.8494271452916179,2.85639316315652,1.3442315513852223,1.401837690972803,1.538087151947034,1.2048485780957383,1.2176045069482229,1.5864337545694136,1.3827634254610899,1.1732972357679128,0.722336541071986,1.2532861146041325,1.5604152490980998,1.2381961087606708,1.3244067077220567,1.6053564289026618,1.5984474048398827
36,0.6949940047385835,1.2494689075422396,3.144684294234622,0.5480580762942312,0.4918105379071848,2.2258789799419993,2.2342420935211136,1.4943985885881297,1.6691290070383629,1.685580882977962,1.1352341957799605,1.4463183822131376,1.1913010986413535,1.3723253928107582,1.1295618862624333,1.1074740482208933,0.3708080152141038,0.8718961572669769,0.5135779456818488,0.798982610120518,0.7264444671490842,0.532616426176644,1.2471415821963079,0.5230104646794574,1.355515192987369,2.0169328624891953,1.0828766356084891,0.6211211684493003,0.6400793744688792,2.5938807936330495,0.7408484868542006,1.775817532429302,1.4514634696420652,1.1172340322328154,1.5141517332439416,0.0,0.4801094141746172,0.6798142110972797,0.734630399078657,1.3014539928642914,1.3435043519574834,1.8248316931864395,1.7068812153987496,0.6250667284588225,1.9550637705786602,1.1547978064072089,1.6047282642916956,1.300534470631543,1.3169464470278265,0.5987812150938551,1.4118898618729985,8.616917499494884,1.1709979925564278,1.5984648528762906,4.422085462267345,1.665687948551971,1.9933202540524606,1.5100823797505925,0.7553131681721369,1.1368656077093147,2.537413349141947,1.3844830353541977,0.8809630309111801,0.608172799455504,1.3173022599853685,2.189959308417557,0.7497954100837748,0.5824233692614359,2.032031432642466,1.0794974365548382,1.4638337508972494,0.48219329156715346,0.5052491041424934,0.6757078960512525,0.7451550466831143,0.48124492550537756,0.9513081972379315,1.9813204738521442,1.7057151307823362,1.0764024012085551,2.634945942775825,0.7559832167544699,1.8002023183179416,0.2846939791628798,0.6127006291606274,1.029693925056346,0.4364529923248268,1.5279232483382637,0.9246712153380979,1.1707538677563618,0.6271333700803559,0.5796036484513545,0.6239285125432036,0.7380153223845136,0.9683984077150947,0.2672378390041409
37,0.6406742823986674,1.1627512016752144,3.051723678222983,0.5709115854649441,0.3300531926104453,1.9766157694517408,2.0509185207766536,1.2101219342044889,1.4703190720291681,1.4478595129101717,0.9815999387677031,1.2566165413411587,1.006370332363683,1.1866218401835278,0.8306481337646481,0.8150217179898505,0.4881311360438942,0.7227284974049162,0.579595574818425,0.5730657123039291,0.6273711035809681,0.5742129618511238,1.1066982359473676,0.6332938009703758,1.2700579436955952,1.8117418071830291,0.9549194470411968,0.530052568942412,0.5668429579523837,2.459350630425578,0.6090142683338585,1.5596668478888256,1.3782878686884035,0.9041921258307278,1.2845527274713164,0.4801094141746172,0.0,0.4836593916903393,0.7529749016922818,1.325897249284437,1.326731484453419,1.6769248635111018,1.5683466824764476,0.7645829893358265,1.7327562751005041,0.9958070160117437,1.3835140588375083,1.0457680633011557,1.1945238240496563,0.49111087761023686,1.2449567988575279,8.510061601048273,1.004599090840389,1.4213130753508223,4.288669916623516,1.595869060009693,1.8006779499451129,1.3844524032652603,0.4944612121733042,1.0050289979724247,2.4395565117832345,1.1235309091910337,0.7641512259528382,0.5962504307113405,1.3507818879951834,2.006630637983332,0.9280157059860573,0.5769367658927976,1.868986331759394,0.7935210053512344,1.1368898707557662,0.574054786609172,0.3338410435547885,0.4789129897354018,0.7506120330811088,0.7409926339256033,0.724062130833278,1.781556681939956,1.4637705381891217,0.8073156190009101,2.469804701657642,0.559575321041908,1.6792407809004206,0.45458601527670384,0.5340316734788717,0.8946046966942709,0.6730926723198559,1.3695722423059604,0.8478386911128599,0.9826839551514702,0.5477267415608931,0.7124742430278439,0.5068592117377368,0.6991302056286164,1.0321889808528795,0.4897373735660515
38,0.5805282184143271,1.1821787144392677,3.11577697425706,0.6671335100964771,0.6635853039169777,1.9665349024323417,1.9803492356027383,1.200865390100594,1.440832443444092,1.4263285856549426,1.1247208963331483,1.2267063434516172,1.0493922181781334,1.1312862734619415,0.7578062704383074,0.8117821224001595,0.63406734517573,0.772041842585213,0.678480288953407,0.5790946220889588,0.4983659681286052,0.5203029679470631,1.2819091117578159,0.7350078129545772,1.3846481331565126,1.7391616321244991,0.9294554943453787,0.7100159184416794,0.45005284855709177,2.595850908033354,0.8135416828938631,1.562538920994497,1.5286742912155074,0.9085221537469038,1.155968461266011,0.6798142110972797,0.4836593916903393,0.0,0.6606506695246075,1.3303125252953585,1.349270378679328,1.7482020018951814,1.6929568119080585,0.9685620645658608,1.6884106278661895,1.097353008895085,1.4949528723114673,1.0169829535748665,1.089550282420727,0.342511352223813,1.2316925938925318,8.59492619449938,0.9549960402657124,1.4092857502733764,4.410239059771823,1.567938532605349,1.9095829029963702,1.4922245496591737,0.44866094443625176,0.8880509233373456,2.5390233581962764,1.0451912050109569,0.7373521852137239,0.8011703245444807,1.389859096338727,1.9301870915912547,0.8678106225507961,0.42483294267787086,1.8400141929679232,0.7168394611190105,1.0789684599120688,0.6109857574752836,0.64747184208228,0.7500508520514192,0.9595559210553897,0.7645069010959409,0.6479389183359013,1.6797364645662858,1.5290326149663533,0.7258128802842668,2.5153361430546353,0.461039020205823,1.6171979796479876,0.7105789855250624,0.4643785526922974,0.829488009557858,0.8182829250413791,1.3266553607828842,0.7695028090621124,0.8783477265775359,0.5452008606386407,0.7224503322844282,0.5284962349708907,0.623207269802267,0.9664961026737423,0.7081918971472486
39,0.8283574058666295,1.0164879168159022,2.870689765374887,0.8129168393355016,0.814204070106072,2.269497336387705,2.4307175523625912,1.5667236539893008,1.784685450227167,1.8221324539305255,1.1223992412120785,1.1764647270443263,1.1018763129764997,1.4505953841231258,1.0683226413054552,0.9824883659410032,0.6957340824702439,0.6811691398734496,0.7732159898799599,0.8556493299440336,0.7840687940087775,0.7835805376389638,1.222716936603375,0.8098746255093255,1.1405393348818373,2.1113229098519497,0.855545116231088,0.6598038520039624,0.6711723901587172,2.4484682367792794,0.8870052665230577,1.8384678694764485,1.3190398418467715,1.170166456817019,1.5400550206790147,0.734630399078657,0.7529749016922818,0.6606506695246075,0.0,1.0766699713657288,1.2792982745388075,1.6552954903098689,1.6319918729041887,0.7326983040683093,2.0414460274452835,1.1304191503803112,1.4472640100456167,1.3684658237587881,1.4486252109013584,0.6127056222106381,1.161171288125945,8.341656323540622,1.2783754923871664,1.4324342253375717,4.220479861263771,1.7198098955373822,1.8698817042162685,1.437154432683305,0.7624235317079062,1.1875790981768368,2.3528282983342232,1.4390096508609809,0.7728389062989093,0.8937082251434962,1.1628740346107473,2.346763775419453,0.665719043475841,0.5151887900068096,2.241328056568179,1.059683869138765,1.387471335753859,0.6633446087993368,0.8212117073722507,0.7916394139412614,0.7800111130595515,0.7844164688046785,0.9943561702614464,2.0450040043386406,1.5607296680117653,1.1904980382121388,2.3526429779595683,0.6416938414862927,1.8167718949718825,0.7179309244323193,0.7941985908072448,0.845956977785837,0.7321355071746172,1.4299082069852829,0.9114506389100542,1.3510985300125518,0.6628041426405469,0.7356059374234366,0.7492471921401102,0.7752213374973755,0.7256596405931325,0.6988823554036104
40,1.3356272255493247,0.7953976300840091,2.3856225166880263,1.5110488360617487,1.3969704245535457,2.0422335832353213,2.5227667436208137,1.7034849022669172,1.688158437462593,1.9890282413249736,1.374782505674193,0.8968220094519436,1.2920502859865761,1.4750513679455282,1.2759059299935733,1.1872079974127787,1.2596661308430395,1.0432914362072856,1.4762492277378416,1.3899274788964553,1.1111436299033746,1.5719143108255147,1.1079824798414917,1.1632605611150642,1.482894444058819,2.095244840017553,0.8414723855384018,0.9792579710861244,1.3152780352680389,2.085504434978488,1.119853876058462,1.8445239189698241,1.2273674470460896,1.3009230993732501,1.6698677173134868,1.3014539928642914,1.325897249284437,1.3303125252953585,1.0766699713657288,0.0,0.644631225728074,1.4366822981692167,1.4716387000843985,1.1050087530213473,2.1263607581264337,1.1176783582557983,1.3503517571162682,1.3921813664665472,1.6305209865657502,1.2823105931220329,1.1582813203320177,7.784849833720431,1.3586891861786756,0.9933110026502047,3.6937453844059727,1.4656576339630776,1.4631148619586787,1.271014277892321,1.3962451655035022,1.4211297102239255,1.889297968560352,1.5492783897127838,1.086182558297963,1.522015550200751,0.9246149304936331,2.7263229772040245,1.0027117857081214,1.1747830615191972,2.3532982578371016,1.300950825155792,1.4236995937096868,1.4125516588694917,1.2642975800320404,1.2484097494521407,1.0444002777948365,1.5552504958052296,1.412609698950864,2.3011519097120754,1.2918500968545172,1.553526069714729,2.0539886396871814,1.3484717160223345,1.7317948272679176,1.3116750271976405,1.4094531037589255,0.9315246255252944,1.304900716554983,1.090433014730861,1.0013676154951952,1.643907048776296,1.2233282411269415,1.5696026030934425,1.2019277649257143,1.0080582302181167,0.6234020281560223,1.3582246836038034
41,1.377244572162982,1.0199918355531228,2.363764020202258,1.583899065037409,1.4549695544891992,1.7294638448935526,2.239491995373631,1.5321757665437659,1.4885269242084596,1.8146702066188272,1.3187450440352904,1.0050686124093733,1.2095157599233664,1.2761301573449895,1.2160838991610858,1.1099371647958598,1.2578977569201297,1.1376804207341522,1.4671717914638565,1.4140621159396214,1.0693164584013117,1.595486105813306,1.1081690559203283,1.2107398519377368,1.4652467609296669,1.8352272947421822,0.8873725217483905,0.9942691993457408,1.3586153030842227,1.9902219821396518,1.0837837230560694,1.6981262392156513,1.2200971383327919,1.2075200544187392,1.4780795978248344,1.3435043519574834,1.326731484453419,1.349270378679328,1.2792982745388075,0.644631225728074,0.0,1.305394060778094,1.3419990128746275,1.2026421129350937,1.935444391421742,0.9762592347866627,1.1519734005943971,1.269857731000227,1.412686202647965,1.3016855099056295,1.1114167731936178,7.773620775277168,1.1869132821281156,0.9920148748047197,3.6207913271326917,1.3580866323623222,1.3524311496213182,1.1406899077777897,1.4211108630038363,1.3668149409415762,1.8481442994089041,1.389912719256847,1.1310058752005352,1.6341829072808511,0.9852074115632883,2.5363319941760363,1.1132885191906468,1.2108289357753081,2.117543058556474,1.1789889439687962,1.2909542508023275,1.4819367883604857,1.3157170788027395,1.3171562691996246,1.0950181657762672,1.6178076134978499,1.3850861877946943,2.114676189305016,1.2397225387991524,1.4282685575415268,2.0273245022616373,1.426142627424081,1.459942557185018,1.4105727172078781,1.4362248175144743,0.898295742209441,1.3533135401867014,0.8205951248638786,1.0152408556991603,1.4941686346700975,1.3091492076489841,1.6894099200225512,1.2328115043808945,0.9970467682504482,0.8177456202952227,1.3930243367216384
42,1.9640647496671848,1.539775463226911,1.5364293317021598,2.0620412579392338,1.8340217758948472,2.008350791184545,2.6996920760397956,1.8187524183042363,2.056486763903731,2.247461262771979,0.9241356400703093,1.235147912885388,0.904214050054053,1.9207333015240338,1.6792471605613752,1.2644041001450617,1.6329384456666203,1.2100721088004627,1.7572000689183722,1.9487948505814603,1.6789950255128583,1.9761714362525051,0.8803273379276412,1.6249780363334634,1.0820652357575598,2.341860282608157,1.1881825164209217,1.3303506425296827,1.6641024201195682,0.991422762345114,1.1547428344268953,2.248803913418573,0.6788411550321638,1.8331444384448627,2.163435609706464,1.8248316931864395,1.6769248635111018,1.7482020018951814,1.6552954903098689,1.4366822981692167,1.305394060778094,0.0,0.47793570798235996,1.530738035802183,2.423674087313518,0.7830479569939408,0.5582833143984557,1.72519999124793,2.0593943187766475,1.739230878002692,0.7540469113376811,7.018038880929214,1.7723800278105908,1.3663686672911681,2.7757425022209605,2.25763028983158,0.7165503661433664,0.4744964702326095,1.7606235363462457,2.013214271402861,0.9278669390889839,1.9801732906597518,1.2125192926964572,2.105210279398722,0.9699257063083305,3.1200438291187935,1.6766262096173357,1.6526409548477794,2.675768419552432,1.5061563708249315,1.6360720246173812,1.9350452294247174,1.7535740168143175,1.6450004501685755,1.2669286496776653,2.1028575012880286,1.9223726171533344,2.697828861734603,1.1699393726531515,1.9501120950932558,0.9778604472944559,1.6991542649904339,1.6924410941142756,1.8252752102938172,1.941200354558834,1.4386614439986656,1.8529510342057653,1.2796668295936804,1.650658210969687,2.124445177149056,1.899395315074751,2.1497979268509604,1.734906851902841,1.4586516718444684,1.3545791782493097,1.7415381155876002
43,1.8870373737950483,1.5840244059220412,1.7135748966171052,1.9601051423835494,1.7315337048836008,1.945529606834923,2.6343387867290255,1.7378272854112118,1.945308589769019,2.1656913669961373,0.8147464718784136,1.2737805592423017,0.8285948018934312,1.837988733570958,1.664516742104623,1.2838286423323086,1.5257849179552436,1.1452508453805088,1.6461949555633244,1.8617504883307898,1.618001837899265,1.8637455662927425,0.7838431913654894,1.517892908087288,1.1743780296316781,2.297356559877304,1.1991380326302068,1.2574855382487875,1.5907328593902044,0.998255374826427,1.0137364098246242,2.1894900234297605,0.6594465582168381,1.7384941441447095,2.1470676658187453,1.7068812153987496,1.5683466824764476,1.6929568119080585,1.6319918729041887,1.4716387000843985,1.3419990128746275,0.47793570798235996,0.0,1.4339340602137298,2.392123546008401,0.6720384943741006,0.7212686641676274,1.6486773170801838,1.9808593833502952,1.6826189011602681,0.8503594396573271,7.139911301455327,1.7055385504859346,1.3904588191586544,2.8597900044997875,2.187486219376925,0.8310476539730077,0.31129295035181775,1.6892679967381614,1.962075936188119,1.084202868104589,1.9360629754500593,1.1791033543187215,1.9994869271590827,1.0315018778501956,3.02779833090069,1.6349389375401564,1.5880137979727291,2.574982236569349,1.47525081649594,1.6220423446547012,1.863564458486737,1.6297011816899436,1.5427746859025566,1.1583103616500634,2.004189314295443,1.8826221726266112,2.65116543315965,1.1642023649794344,1.8776736440568493,1.1892837664219316,1.6644402299813525,1.660205239532564,1.693436070038229,1.8695118130094024,1.4256546791552829,1.7439797026472872,1.3302604661669335,1.5363959736293016,2.039155307757571,1.8365900107486497,2.060345817494006,1.670222047043062,1.4294354954047077,1.3684211577449805,1.6194726072770969
44,1.0228382883448177,1.1230305272957055,2.743323094662191,0.9491872459418401,0.7724795611161749,2.2824171727990716,2.4516675722870747,1.567995028816093,1.7775289943873454,1.8598592739393327,1.0062769114947843,1.3655186804568344,1.0467631569387479,1.4778999297016697,1.2108939945162265,1.0784006037007403,0.6304859349927993,0.7258007574037871,0.8895656020717247,1.031448029457112,0.9420302786776654,0.9940941335106381,1.0646230199413542,0.6795044487893526,1.1143250413875778,2.1500606640514355,0.858477785773574,0.5732970473232414,0.9380989620432005,2.230938221812166,0.6634586482852577,1.8262945683774583,1.1287049795644766,1.1791950866815042,1.7194612529695534,0.6250667284588225,0.7645829893358265,0.9685620645658608,0.7326983040683093,1.1050087530213473,1.2026421129350937,1.530738035802183,1.4339340602137298,0.0,2.0668977811423215,1.0194766980636814,1.3417969599541382,1.43419311746431,1.4670391902869069,0.9150995355981407,1.187332575107454,8.222765404868664,1.3208056060672078,1.5176020026654622,4.020392543873922,1.685021519055025,1.6808352429934923,1.2695295533729847,1.006609730404102,1.265034405721812,2.1531260544901047,1.5840758818632412,0.8676452728043694,0.9516862540038294,1.028899226672734,2.507727009473101,0.8087214277106937,0.7378955826026884,2.183364639382674,1.224066253519587,1.5539681344781942,0.8339156417521089,0.753163895394762,0.731814249054534,0.5742531950142897,0.9293631203332082,1.1261624200796485,2.2948029361991735,1.5356016262615932,1.3409180130339613,2.296245083883425,0.970301697057503,1.7646947972699758,0.5702801876221937,1.0243308484326061,1.0167849867548042,0.7640494329721156,1.4525633215828218,1.0332612492058628,1.4589085074006007,0.8540576514131344,0.9391031235079232,0.8504649845002874,0.8440448689194563,0.8302913657989882,0.5884348257274729
45,1.6662142938437368,1.964632246639284,3.5548415064331516,1.8768347427533258,1.8451228846158843,1.413345188252977,0.9815071188850861,1.0948916745973871,1.0575774022472262,1.0115615619912812,2.1933513874963713,1.9428426333695656,2.0054921756321935,1.1007991897146159,1.4560865625092763,1.6821580868465194,1.9456514293329334,1.9449808110350104,2.0623091617553753,1.539607799941024,1.5942130445317821,1.9767074296625013,2.1552332943745505,1.8799192896128212,2.495705122797878,0.5937474449982875,1.888181217314258,1.8500419140539006,1.935563090908538,3.057373134841302,1.8916160331488532,0.6741465159117725,2.462998404766066,1.335560885793528,1.0588435230067665,1.9550637705786602,1.7327562751005041,1.6884106278661895,2.0414460274452835,2.1263607581264337,1.935444391421742,2.423674087313518,2.392123546008401,2.0668977811423215,0.0,1.999722691789458,2.1175250471358376,1.3389603772359149,1.0800262926799193,1.82766719371099,2.1028620117280425,8.707098668577695,1.323934067432008,1.9174681783550902,4.57073885278793,1.2980494723517402,2.296702454366648,2.2714131137432885,1.668643071043536,1.2748695525997493,3.05155756673096,1.0597673575259816,1.9849742810782791,1.9615168835351513,2.3297199258478987,1.307740884709689,2.149962299891618,1.851638750916396,0.7615976465295214,1.3424307890112201,1.4717862690749142,1.9262688852779477,1.7498086907689256,1.8330382689430302,2.1160138284676617,2.1093683423733567,1.465404612057963,1.3103246581199168,1.910915852676366,1.3110367960064946,3.026707587770209,1.8240183998298032,1.3289076095779004,1.9644265447533351,1.6842676014003344,1.6631566986849735,2.1445285378934265,1.6289329123308827,1.6150512094896035,1.0413820694096738,1.6910019535159575,2.000321661725778,1.6335955659653638,1.8093040269285379,2.077474951967993,2.038673315268748
46,1.32383570309886,1.1767183691536767,2.1821322436587294,1.3934231510172608,1.1882907829481748,1.7554597391838969,2.2677693486560075,1.3632135273345183,1.5794688034809772,1.7680015871626162,0.45817917780144823,0.9140745632845696,0.4488846306868553,1.405787036437267,1.1344580764835197,0.7477735162080043,0.9789334462269804,0.6846553314790498,1.1210375235430818,1.3081950705272718,1.0439264656364826,1.2971944284674637,0.5010911545039507,1.0055690376278439,0.9767935219302927,1.9361783857701214,0.732708924473898,0.7357068541071775,1.0041453268376634,1.5781703927952797,0.5054783105566121,1.8096650784510846,0.6872181587145547,1.2578595930691348,1.6142250700285288,1.1547978064072089,0.9958070160117437,1.097353008895085,1.1304191503803112,1.1176783582557983,0.9762592347866627,0.7830479569939408,0.6720384943741006,1.0194766980636814,1.999722691789458,0.0,0.6862360718371984,1.18448731683263,1.5066234452002119,1.0729281926892562,0.5817789158899728,7.7068284146753765,1.2230260693487718,1.0856284811586008,3.4370773346323156,1.7881695978123247,1.0228838909068623,0.4552001104427278,1.13221791924202,1.45837314838889,1.5588099836868115,1.4349148617148306,0.6537831400492979,1.4489663684076926,0.802079226766722,2.5511522531358635,1.147970531730299,1.0232575424193477,2.2068522132818584,0.929031124966561,1.1584003312448092,1.2896505188118956,1.0778258132709067,1.010089873027719,0.7205656158432369,1.4558483548832928,1.3337267598828055,2.1668843966345417,1.0011449558008103,1.3195289885427965,1.6120862967929406,1.0921524060529884,1.4418994502594733,1.1700150683278872,1.2769093078524467,0.9341242372166864,1.2205425435517547,1.0309349019732519,1.0455725374862443,1.4809441822448564,1.269164015456285,1.5126063764163704,1.09694114319751,0.8410824385739618,0.9058876099016157,1.1041279795039027
47,1.7180639064162273,1.324373902600197,1.8625008268724526,1.7853102516151376,1.5261399782073963,1.8427270026539126,2.4695167545207104,1.560260960806386,1.8521253797518151,1.993915063083909,0.8053221368902245,1.0969247743479613,0.7669389398769447,1.6697234044446756,1.3442275811613487,0.9490047249974716,1.4422915152661329,1.0111953186423344,1.568581333874963,1.6300861280083327,1.4359351807797525,1.7493787564675194,0.7577944817708272,1.423099882032227,0.9087218286154402,2.107738046541459,0.9872705201408774,1.0971397785371035,1.4819146316548302,1.3067706007695652,0.9782890896326388,1.9514160039466701,0.7123827816623759,1.540225467167329,1.8303113125116934,1.6047282642916956,1.3835140588375083,1.4949528723114673,1.4472640100456167,1.3503517571162682,1.1519734005943971,0.5582833143984557,0.7212686641676274,1.3417969599541382,2.1175250471358376,0.6862360718371984,0.0,1.4986423301452343,1.8208444151098533,1.4928451516641184,0.6881978390708651,7.33063942986448,1.53405231984662,1.235222541690453,3.070263718977453,2.0366432002827493,0.747000633389028,0.6067706351377705,1.4866461127491635,1.7703653901631164,1.2987490214033517,1.6832568782892465,1.0609505364382654,1.812516270335618,0.9997663437733103,2.792505728932833,1.5380685054485232,1.422793420988398,2.410160837481061,1.239029116236313,1.35131286786394,1.6796825597424347,1.470001471373776,1.3577676370190517,1.0946274178393836,1.8746065428842118,1.6206379698880962,2.408645126541944,1.0048253169871206,1.638167236961089,1.2717634232073693,1.4503612024786519,1.5955533909040671,1.6037072490874917,1.6766885205864563,1.2438371451599728,1.64745692339038,1.1284920376319039,1.4868330502171707,1.833274041553611,1.6053120964947911,1.9059685611907258,1.4654963277181003,1.2524346307837435,1.2598264421084016,1.5313349645652272
48,0.9521533942801267,1.2718982910429846,2.9289550570341323,1.2592527698766909,1.2593579208402614,1.253807580789808,1.5714777300916571,0.6332861198382083,0.720647207429875,0.8919133928654409,1.4534603547080132,1.0903835388848389,1.2764754818491253,0.7100659199398385,0.8269267107038926,0.9258299616593492,1.2843754126787872,1.1981347509426326,1.4018477438278765,0.9238087591302098,0.863508047321771,1.3543325238206978,1.3327294722885774,1.180396511415898,1.8735244365103487,1.3093615093046906,1.1487862220472707,1.1253941795103595,1.1845040486498886,2.403540492234307,1.1101927612205973,1.2263140609644607,1.7253334416889134,0.677186168742407,1.0818919081996832,1.300534470631543,1.0457680633011557,1.0169829535748665,1.3684658237587881,1.3921813664665472,1.269857731000227,1.72519999124793,1.6486773170801838,1.43419311746431,1.3389603772359149,1.18448731683263,1.4986423301452343,0.0,0.9040051016833115,1.1126000993777847,1.3402928612916871,8.229742013955567,0.4681398545390574,1.1258887752804978,4.053846816538641,1.0989506383772099,1.6268836302886847,1.5133580491497092,0.9215948032539402,0.9351628151845307,2.3772892116812234,0.5915214934026966,1.2067770290185955,1.4117752091622857,1.6006407848934305,1.9251760730623673,1.4888759996260033,1.2158447311071503,1.4870316251049216,0.6189119696376697,0.6626400789567246,1.2805692223075908,1.0929589017155976,1.1499021833863812,1.407604419514264,1.5430943007018818,0.8302183197769852,1.5400838427446262,1.1062287887710534,0.623345999796017,2.3686434537641268,1.1100410338627191,1.529142945950147,1.3282019078682894,0.9994931333192462,0.7886399476027475,1.5067984117829984,0.8547481894008149,0.7130199002346488,0.7889605199559248,1.0393968158903597,1.4216024006408214,0.8700517867647162,1.061163600624429,1.3151157853017195,1.4002204283977444
49,1.0111185780693066,1.6483348195308147,3.329353247973307,1.3479957326150094,1.3867947303184969,1.5297678981773581,1.21825074020869,0.8650409949754946,0.8259901197411865,0.8680252758212661,1.7337851206819417,1.6384145744247696,1.5875368113132597,0.6073105712208862,1.1554161299646972,1.336898363405384,1.2689562395003566,1.4633310232687435,1.380923916549014,1.0467217394018362,0.9529789366818163,1.3347887823133022,1.7892230989957134,1.33750298086304,2.0494552236420267,1.0464646085956435,1.3974696048224176,1.2859777461211457,1.3342021893966347,2.819160827862987,1.3555723559327872,1.1147765014823252,2.04204870321995,0.8308507966592535,0.9711465523351478,1.3169464470278265,1.1945238240496563,1.089550282420727,1.4486252109013584,1.6305209865657502,1.412686202647965,2.0593943187766475,1.9808593833502952,1.4670391902869069,1.0800262926799193,1.5066234452002119,1.8208444151098533,0.9040051016833115,0.0,1.2470931623636015,1.6543761301536553,8.658904548472027,0.6909742273739602,1.6518902059999607,4.494631559837918,1.0400665998572076,2.1035155695446206,1.853086734325539,1.1157144139793043,0.6872735436772058,2.769585214852539,0.8179516437967583,1.488635875278706,1.5054859104611251,1.79113542088319,1.5536331245141801,1.4859869957974294,1.1846553458946931,1.0124936993306108,0.9583102492408514,1.2400953914524118,1.334507898900661,1.2813708520131353,1.3911829523527022,1.5876655818780558,1.4875820331209306,0.8838704906029822,1.402251732864136,1.7325464755656563,0.7656085396337298,2.816697421851266,1.3282304382882262,1.2821809017983243,1.371892280218398,1.106097174404854,1.056735699297795,1.5076682891381414,1.230749612991828,0.9110009273638593,0.5664800129670384,1.1464449100541005,1.4076592233023804,1.082885214685942,1.2569889410116377,1.494087224947356,1.393247279941488
50,0.5917442021277507,1.0867983905108627,3.0695562898970166,0.5524391906467622,0.6175707140600741,2.029310782428008,2.13111445809176,1.3423498811427292,1.5484201672285445,1.5655066996041689,1.0780155665476496,1.1736825852920887,1.0257304384528958,1.2544331331727323,0.7961179956250987,0.7894472727068013,0.6014003251010629,0.7365903924671027,0.6237235909981662,0.6153268471904776,0.5187945058088343,0.46504202705927766,1.19901755909554,0.6654782334952495,1.2935410590441085,1.8650084157601003,0.8972360908087011,0.667631122733162,0.28455339228465437,2.561000619838939,0.8010198609273754,1.642761558328343,1.4366167131881193,0.993788071610355,1.2213238276696923,0.5987812150938551,0.49111087761023686,0.342511352223813,0.6127056222106381,1.2823105931220329,1.3016855099056295,1.739230878002692,1.6826189011602681,0.9150995355981407,1.82766719371099,1.0729281926892562,1.4928451516641184,1.1126000993777847,1.2470931623636015,0.0,1.2160381672294198,8.56935076031304,1.055322317674568,1.357511707538719,4.381133199731283,1.6155849248501348,1.9153470650158406,1.4665193488685868,0.4876496403912008,1.0504224218257379,2.5031107421135186,1.1395067899848088,0.6664498036116837,0.7006556129620007,1.3706098573909327,2.02050534714172,0.7460210342070979,0.48267833119520237,1.9976843030874805,0.761935766650332,1.1071959781291782,0.4669267253302015,0.6017725654234448,0.6516058409566932,0.8461733463809654,0.6250405975309506,0.7794555114452543,1.7179248296691616,1.5014166485593623,0.8457148148683443,2.497396246822373,0.3905384240496569,1.696198217243395,0.6365682986086926,0.4510761269054194,0.8089916042856271,0.6337343228963627,1.3604753236929257,0.8386534375955927,1.003868053096278,0.5344836731464504,0.6432823383086509,0.5026792161549533,0.5716376487376862,0.8842756805881253,0.6235096975185418
51,1.4265538481009412,1.096292092263578,2.03371343091211,1.5524730249022345,1.3958030508572443,1.9661194356911438,2.4526970451020613,1.4982902477094984,1.7751319619579804,1.9258127567128651,0.730370941795025,0.9047293215740426,0.5800738786030833,1.5461380959082731,1.2277913577460202,0.7690949786811566,1.237066700560233,0.7453828870540506,1.364912917442007,1.4283961794489881,1.1778588286734755,1.4676145315237985,0.7365684917445995,1.182848017202248,0.9442340058205011,2.0987191241173653,0.6167260380962621,0.9165217866958378,1.1515140611326582,1.5834602845120715,0.8526006526970944,1.960229464996248,0.7917228466106233,1.3860415453965136,1.7580619173175387,1.4118898618729985,1.2449567988575279,1.2316925938925318,1.161171288125945,1.1582813203320177,1.1114167731936178,0.7540469113376811,0.8503594396573271,1.187332575107454,2.1028620117280425,0.5817789158899728,0.6881978390708651,1.3402928612916871,1.6543761301536553,1.2160381672294198,0.0,7.5412683380171295,1.3589955183908835,1.0925217592050678,3.355669572480799,1.928467200865687,0.9771352787027325,0.678097377457811,1.2069712913086352,1.5232649330975223,1.4838611187240265,1.5924963959291747,0.7209029106623228,1.6206450170684858,0.8671545243501406,2.7658680060918095,1.2259452356738785,1.1471103726773915,2.4052444096906958,1.02909324966752,1.2792984253173485,1.397694460765175,1.3265261224955376,1.2347391970548782,0.9845602158934078,1.6186046170901958,1.3886292492482872,2.357171986431685,1.027661427504341,1.472835343166653,1.400676603542185,1.1204511664847616,1.582805806569737,1.4076435983187048,1.4047824172234482,0.9603045901377326,1.4733234945141769,1.0646620314896782,1.2564795688753883,1.6638116622767933,1.3494834131598952,1.621293937862207,1.2007494351792944,0.9465783643258384,0.9033583106969881,1.349193192280596
52,8.640208854650425,7.888925788724921,5.853456779447324,8.81988203550703,8.612643469153575,7.920846692539645,8.964671774449288,8.268970224068143,8.352966831933609,8.609987245912434,7.831646186867539,7.664670791830225,7.786694085476738,8.383793250475442,8.34211737739151,8.050159639914066,8.47731992807519,8.003191507552126,8.573424893772012,8.635752477860704,8.418416473424221,8.810722425937978,7.600378875054699,8.365126551541076,7.729264312651074,8.594716561755655,7.909135846653529,8.104955667166037,8.502181768333534,6.297611550382789,8.016429834654334,8.556791480525332,7.363159650180723,8.395641416763144,8.77071156677529,8.616917499494884,8.510061601048273,8.59492619449938,8.341656323540622,7.784849833720431,7.773620775277168,7.018038880929214,7.139911301455327,8.222765404868664,8.707098668577695,7.7068284146753765,7.33063942986448,8.229742013955567,8.658904548472027,8.56935076031304,7.5412683380171295,0.0,8.32054918028965,7.617615803908584,4.518031328031075,8.459794121813061,6.958285315281673,7.3053809282900914,8.492721253553434,8.596149107978384,6.349631718832306,8.501782043147868,8.051550790433351,8.819601802263369,7.625519495388047,9.628989534888257,8.338776137466255,8.503324406585723,8.975053202252745,8.230084656369133,8.163529544908254,8.709591442025536,8.516464902237638,8.409189627643688,8.039885738542948,8.871990815319123,8.601192223953007,9.142992871711147,7.45016253490413,8.651855186369568,6.344837567204927,8.457551084883265,8.03151229304377,8.593417077591754,8.694784445873124,8.029835066748232,8.602298601333004,7.620909595905589,8.261405531679758,8.828372595386178,8.588668983267812,8.854813298782403,8.461174625691605,8.270704297865342,7.9851536906531075,8.549223816896273
53,0.7724106884465788,1.3086269440762037,3.0172168702008944,1.1593222159112402,1.20194315521841,1.403013828309303,1.5210152279403133,0.6340929854890922,0.741686249289922,0.8324555037240111,1.4832956975948965,1.252097565779014,1.3126880358636308,0.4769390292720707,0.8674958284150782,1.0097265370531028,1.17354348318543,1.1819532853627208,1.276659160679122,0.8252533944415011,0.6930459087101072,1.2419137548191104,1.4255832779214253,1.0839376965873238,1.8248984615774937,1.3221629347522412,1.1264654230913305,1.0171251722574626,1.1466698568172953,2.510868262365331,1.091078605596692,1.2835683769873893,1.7479444898057959,0.5374357147376736,1.0684428222235482,1.1709979925564278,1.004599090840389,0.9549960402657124,1.2783754923871664,1.3586891861786756,1.1869132821281156,1.7723800278105908,1.7055385504859346,1.3208056060672078,1.323934067432008,1.2230260693487718,1.53405231984662,0.4681398545390574,0.6909742273739602,1.055322317674568,1.3589955183908835,8.32054918028965,0.0,1.3012366356271343,4.174379358512641,1.0306386707304789,1.7602696417190824,1.5637513057004675,0.8400284781756369,0.7819318574708302,2.456902346285337,0.6432542399459343,1.2199255944114555,1.3250509728872046,1.5707641852712402,1.916022768254085,1.3388944297499188,1.0902054752409214,1.4120349362841356,0.6404059142058008,0.8874806845233127,1.1466085954994696,1.054558447874599,1.1448309087217956,1.372702195316047,1.3830638801671584,0.747583307829252,1.6071590226685348,1.3044956672156374,0.5340548207133069,2.4827850110100464,1.0843258369557975,1.4920959110312317,1.2325613313724886,0.8856004578158301,0.6825840934529454,1.3693157390541422,0.8428119983844814,0.6729579069848145,0.7267532734424695,0.945526646476973,1.2873295209951925,0.770777839171164,1.0158827022562236,1.26266513142472,1.264476175867021
54,1.4780510783870777,0.7333320081397329,2.322654254774083,1.6634826587713174,1.5239472141197552,1.520191698827063,2.3458190567182133,1.5015721800592792,1.5109522036861736,1.8465572309722302,1.3683481718080264,0.5279131290138317,1.1560417110414054,1.454712255003082,1.0817116397629467,0.950566588315568,1.5148161334586157,1.1343108353825935,1.6934563353519212,1.44049373493689,1.2178928265253177,1.7093550644524262,1.0164251473262396,1.3249221744553323,1.6477483602071266,1.8562888771358403,0.9561487070803852,1.218998763590936,1.3688771185496755,1.9150269807576814,1.2161946017039351,1.6280062772128643,1.3347249964841703,1.3136021235099504,1.5044548498656887,1.5984648528762906,1.4213130753508223,1.4092857502733764,1.4324342253375717,0.9933110026502047,0.9920148748047197,1.3663686672911681,1.3904588191586544,1.5176020026654622,1.9174681783550902,1.0856284811586008,1.235222541690453,1.1258887752804978,1.6518902059999607,1.357511707538719,1.0925217592050678,7.617615803908584,1.3012366356271343,0.0,3.491318568275088,1.566642519511437,1.266995856050641,1.195904484650826,1.406347118583102,1.4954757155405412,1.8244710967464235,1.3010378371117977,1.0742724894556839,1.7067398702691259,1.2906782480828678,2.5505072869214884,1.3786989978463828,1.4181977071603298,2.2341632361859474,1.089960390676092,1.0117560792778855,1.6082154830125246,1.3908007302576784,1.3787483207420657,1.2494915679785623,1.8185356527821022,1.444292381423497,2.0783811972831745,0.86297296318685,1.450966251012311,1.8597921193058908,1.3526112505668428,1.5386770399853236,1.580731878840503,1.4706538035691192,1.0276426562238998,1.6238714529478175,0.8181121599068903,1.1217743109803742,1.527718146998413,1.4003752713160897,1.7829085614278468,1.2628858185088294,1.0587548225596974,1.0433879124565137,1.6530449719469653
55,4.519102890353025,3.8104877853728496,1.5920596351356338,4.616210967117727,4.401018804663887,3.7757600158291997,4.850477390419305,4.08125987983196,4.190818852999997,4.4711497975193675,3.5608453721412214,3.496197749459451,3.5127616939365085,4.244191504133418,4.1349746308168775,3.8031152895031584,4.288054980901878,3.7844840573324916,4.42537247569861,4.459409046368626,4.258091051430223,4.640333262860557,3.3148286011934434,4.1597879707533645,3.5902177031758176,4.466124809086432,3.718540683362123,3.9343096328940117,4.321313929708024,1.9149605533960148,3.768725501292914,4.353297333572896,3.10703979378773,4.210169568919051,4.562249280783013,4.422085462267345,4.288669916623516,4.410239059771823,4.220479861263771,3.6937453844059727,3.6207913271326917,2.7757425022209605,2.8597900044997875,4.020392543873922,4.57073885278793,3.4370773346323156,3.070263718977453,4.053846816538641,4.494631559837918,4.381133199731283,3.355669572480799,4.518031328031075,4.174379358512641,3.491318568275088,0.0,4.3273738682978005,2.6471859507474766,3.040335727619203,4.34571055160869,4.497239231379504,2.040021972202396,4.330824802834951,3.8512870539918707,4.6408937129252905,3.434046156353252,5.434742020738891,4.24633136479542,4.3137242359242665,4.819378748029122,4.028569960195544,3.949080895253775,4.530825617872781,4.287904049496003,4.14651928797083,3.8156122458333557,4.711051754374749,4.454646622974929,4.980579987880612,3.17920662664376,4.45290050655322,2.1061540746046035,4.311136787832597,3.882303319439505,4.390965666228967,4.53763303262151,3.9067119260338714,4.434738699667847,3.514350851627067,4.091533940661246,4.616236414329548,4.440311590890105,4.72329349089708,4.282667060965742,4.076480906205095,3.857525191791588,4.358110198880269
56,1.379791468945175,1.5743276911473496,3.2370844737756235,1.6333571369442028,1.7185605057415025,1.5047394315533502,1.6862526642041826,1.123420002477526,0.7883530328097293,1.139102182949956,2.0822151649269807,1.5820760355151253,1.8798799799699704,0.8296324210362845,1.2711496370095554,1.5892002101755935,1.7227428157633333,1.7160205828839588,1.9031596370474189,1.2950527785617911,1.2484266795466463,1.8538679436816647,1.9034587215779015,1.586649971269419,2.39119155166957,1.3206141561028264,1.5629128030100188,1.5774574502738843,1.7331468835714072,2.836217183775818,1.6718697528820907,1.0638850287110087,2.1767219468358223,0.9555897613019861,1.1409760152564625,1.665687948551971,1.595869060009693,1.567938532605349,1.7198098955373822,1.4656576339630776,1.3580866323623222,2.25763028983158,2.187486219376925,1.685021519055025,1.2980494723517402,1.7881695978123247,2.0366432002827493,1.0989506383772099,1.0400665998572076,1.6155849248501348,1.928467200865687,8.459794121813061,1.0306386707304789,1.566642519511437,4.3273738682978005,0.0,2.0953656915907843,2.0642494654430017,1.5522119263372565,1.1775471688181278,2.7747911098282287,0.9736280926504441,1.7969914179750148,1.7621589775296214,1.9956411990179481,1.9113514675969927,1.7594749326834274,1.6440669828044454,1.3263367019170464,1.309324758721259,1.2848584713017768,1.6992376521730364,1.504885371235291,1.5302429341310515,1.8183926541850557,1.864923338054795,1.3456979322906577,1.6437288105440866,1.5752013355053298,1.208769179117733,2.8784115396069683,1.6990962459806929,1.648603158108779,1.6697401398214977,1.5047864915192457,1.1942252445061619,1.8162927576276222,1.3032319934264698,1.080656147212659,1.1574745250460348,1.3995502218919456,1.7650709058549963,1.3956222155855156,1.5828835017298561,1.6109867667792233,1.7948652723101177
57,2.0612951723837503,1.4967419673612405,1.521737114874078,2.163954162116498,1.9299378769882098,1.8887112750788968,2.672532464218413,1.7334032259025614,1.9376840938404607,2.1854867148225985,1.234315884450644,1.1819983182826166,1.1226543892265146,1.8805775977280257,1.6505080467835476,1.276553040048722,1.8777928978270884,1.3739300644442707,2.0663209060329617,1.982736742321884,1.7921931594712632,2.19847282478508,0.9337817103709039,1.7276216196146286,1.4859383796115782,2.283371153802317,1.2444047920394625,1.5028250502796485,1.8912363766550018,1.0081587457099999,1.3339997115091144,2.1057157766856673,1.0040580267492822,1.7620294058232944,2.1507845999211854,1.9933202540524606,1.8006779499451129,1.9095829029963702,1.8698817042162685,1.4631148619586787,1.3524311496213182,0.7165503661433664,0.8310476539730077,1.6808352429934923,2.296702454366648,1.0228838909068623,0.747000633389028,1.6268836302886847,2.1035155695446206,1.9153470650158406,0.9771352787027325,6.958285315281673,1.7602696417190824,1.266995856050641,2.6471859507474766,2.0953656915907843,0.0,0.8148071684347052,1.8717886836328466,2.041521589545673,0.9833518332065281,1.9321585291804426,1.4238249918093209,2.1869342652124644,1.23143794759742,3.147353824645277,1.9420756845661737,1.8609811173764765,2.600749004070223,1.5504490910498137,1.560558891305747,2.081436445106329,1.8080570418450037,1.7000033215022077,1.5066621118038146,2.3141486397595434,1.934496907538044,2.7345280473471854,0.9028228449788662,1.9668027473609455,0.9861585968453295,1.8440341121827586,1.835844813968144,1.9783589059814992,2.0557645627013215,1.5251704650269302,2.1042695375140825,1.2602842740265554,1.7237890412536334,2.135694361092268,1.9481619584225411,2.3077821258082114,1.787032576733405,1.584969571410184,1.5117162689576316,1.97507591206931
58,1.7075779755101448,1.3540891999442302,1.825900928541405,1.7747511730138301,1.5387814323327824,1.8933159075356505,2.5513652965033944,1.659218208183841,1.860469177581996,2.0909034663461075,0.6382655715838224,1.0786847922168552,0.6434884246255473,1.722580478702673,1.4654849454824685,1.0762572874683491,1.3362250641427078,0.9554489658732508,1.4738257779563884,1.6876269800737325,1.4180231787357649,1.6736259603024182,0.5725252852578231,1.3128815938467662,1.0242973350605447,2.1913375167345337,0.9780847927904393,1.0568213920538605,1.3847589412417416,1.1753380045228983,0.8310657163834144,2.06480270564018,0.5359915618161586,1.5966396024606353,1.9655866316855644,1.5100823797505925,1.3844524032652603,1.4922245496591737,1.437154432683305,1.271014277892321,1.1406899077777897,0.4744964702326095,0.31129295035181775,1.2695295533729847,2.2714131137432885,0.4552001104427278,0.6067706351377705,1.5133580491497092,1.853086734325539,1.4665193488685868,0.678097377457811,7.3053809282900914,1.5637513057004675,1.195904484650826,3.040335727619203,2.0642494654430017,0.8148071684347052,0.0,1.5155198354320807,1.8004640478934204,1.1862210746030315,1.782324400940739,0.9454093001409027,1.8085409915574966,0.8290611976928305,2.896375388165594,1.4119619568675157,1.3808092287727909,2.4901466169260322,1.299306282882317,1.4684928673672555,1.6654006331584756,1.4426166495035198,1.3693400028703202,0.9541673885050238,1.8083092351507386,1.7103309041753503,2.508204402649747,1.0704950906659754,1.721440706103766,1.283222874527512,1.4620010337836518,1.5580560406252486,1.5139490839566718,1.6697222149563962,1.2563329625037314,1.5476812774923998,1.1847165382220273,1.3816360042046105,1.868550805542813,1.6367470269209103,1.8725572435059326,1.4708534878213928,1.1782552909782291,1.1358659137288842,1.4439727659118249
59,0.4124708252880573,1.1481991731676608,3.103652554674233,0.6069744278800554,0.6545873592154552,1.953149100743455,1.987222243005333,1.0756749672259824,1.382398829564998,1.3027120368536684,1.1671233467194224,1.2185156963717374,1.0911564160780076,1.0605565927720226,0.7801366808202185,0.7949016659600067,0.7736124794710697,0.7973342368130603,0.7640136395605001,0.44056724472108233,0.5379789624370737,0.6279640576757667,1.2626804639417253,0.7757869908942405,1.4003151126260243,1.771825117175062,0.9494790566055782,0.6837766587039613,0.5799599475848323,2.566861467244653,0.8438196031237705,1.567181821024688,1.5409526233896527,0.8046831023118469,1.247821586149354,0.7553131681721369,0.4944612121733042,0.44866094443625176,0.7624235317079062,1.3962451655035022,1.4211108630038363,1.7606235363462457,1.6892679967381614,1.006609730404102,1.668643071043536,1.13221791924202,1.4866461127491635,0.9215948032539402,1.1157144139793043,0.4876496403912008,1.2069712913086352,8.492721253553434,0.8400284781756369,1.406347118583102,4.34571055160869,1.5522119263372565,1.8717886836328466,1.5155198354320807,0.0,0.8953595815728491,2.5296517300558237,1.0146793969160945,0.8313858140046909,0.7288974105358769,1.5048852780855795,2.0040052560613257,1.0065818393448605,0.6773999313991698,1.8506725862526436,0.6255094291064432,1.0487023829199285,0.5584392257871558,0.6320683588736212,0.7135709168501372,1.035316339860321,0.8344386695158633,0.541729439530453,1.736511713943682,1.4457580892890676,0.6442162338389953,2.479003784276131,0.3720163802191419,1.7369648333463859,0.7551499475531409,0.3950731540595083,0.7249861932568746,0.9120340665957334,1.2892767174802666,0.8324520852819659,0.9169445234587941,0.48123530263058606,0.6829805438605275,0.39481075759792916,0.7653475485135869,1.0739288396196272,0.7699052414429557
60,0.7582064613623876,1.29967043022201,3.3093206782118454,1.1541242470091126,1.1217951034210636,1.839240898697653,1.6404898625861055,1.0586008231995643,1.1310512010080314,1.1344948163973865,1.659144235982798,1.4840455753949746,1.4898563679553973,0.7449968768005336,1.0297073867160809,1.1772193445013854,1.070544924914567,1.2416841420236833,1.2443621070039965,0.8329145361841936,0.7998575101633394,1.136290736296629,1.6821162502430502,1.118443069813808,1.905505257522795,1.3534216847376452,1.1652157948221133,1.049682819108798,1.145579665357522,2.8106336476924856,1.2272404653411788,1.2799076719944922,1.940412329765046,0.7024796200119154,1.1534888733024329,1.1368656077093147,1.0050289979724247,0.8880509233373456,1.1875790981768368,1.4211297102239255,1.3668149409415762,2.013214271402861,1.962075936188119,1.265034405721812,1.2748695525997493,1.45837314838889,1.7703653901631164,0.9351628151845307,0.6872735436772058,1.0504224218257379,1.5232649330975223,8.596149107978384,0.7819318574708302,1.4954757155405412,4.497239231379504,1.1775471688181278,2.041521589545673,1.8004640478934204,0.8953595815728491,0.0,2.7403245215116097,0.9550278303225157,1.2765747328318624,1.2204965979010647,1.7031884174548197,1.7958941111804672,1.2265090198206778,0.9738844276098161,1.4001981216427402,0.9462211554422383,1.282331461445606,1.1166292667353679,1.0411092115466303,1.2291888554421586,1.41065342780179,1.2783509856469248,0.5924862170572409,1.6758865790883664,1.7213481591081123,0.831385510445531,2.764429414858447,1.0573377391625192,1.4530861034641718,1.1343731028375783,0.9045390717381739,0.9288956801043284,1.3340350058634032,1.2265826785859495,0.864244158794679,0.7453334439331495,0.8090366523679112,1.1568306700505868,0.8364450548483061,1.031647376340016,1.2347768535618977,1.215918387343054
61,2.6937608943998406,2.055434155582417,0.7617053647164505,2.769253917873405,2.551493271744678,2.4632174248035925,3.3342003751147207,2.4980147977754075,2.6494851941082724,2.9243526425046706,1.67321182205861,1.764843171977835,1.6634681355984973,2.6053844086258384,2.3828067325662463,1.9820230917132895,2.394548830939718,1.9064631406778865,2.5512746982222825,2.6804771263384772,2.430532764958159,2.7516810046218083,1.4465860223000242,2.2926174123406233,1.7496873107267152,2.9531704019681047,1.8367577477952386,2.0761104207563155,2.435973046608006,0.5186645895039532,1.8978051859756828,2.8073386754252136,1.230501491283366,2.499799266178612,2.8632029291491286,2.537413349141947,2.4395565117832345,2.5390233581962764,2.3528282983342232,1.889297968560352,1.8481442994089041,0.9278669390889839,1.084202868104589,2.1531260544901047,3.05155756673096,1.5588099836868115,1.2987490214033517,2.3772892116812234,2.769585214852539,2.5031107421135186,1.4838611187240265,6.349631718832306,2.456902346285337,1.8244710967464235,2.040021972202396,2.7747911098282287,0.9833518332065281,1.1862210746030315,2.5296517300558237,2.7403245215116097,0.0,2.677980982980216,1.9471403008047137,2.8061636709817215,1.4553935796595432,3.831111614700461,2.340971716202734,2.394860669226107,3.303656969746903,2.260018932052459,2.2954370178101975,2.6470099151103113,2.4653519869790035,2.3299113953546073,1.9287146550981429,2.827466469676259,2.657663814976566,3.3786737277762118,1.5841597893682167,2.699878808536737,0.6787082107937523,2.4706958429361423,2.2833841037317013,2.5248404430341806,2.692584692201554,2.1362434475943672,2.5509053457568913,1.8631189698318393,2.310089163723097,2.8457459189567342,2.614945976580058,2.8698431968784353,2.4390375807080056,2.1628135934742123,1.9665047847786343,2.4750683382949936
62,1.0153295343823483,1.3963396056706632,3.2060290732189296,1.266923992183709,1.311164891584684,1.1886167376222172,1.400273070523899,0.650199554207249,0.6790919797908423,0.7644821255777918,1.6564947296985963,1.2856961712013866,1.4717854047371393,0.6487251304921223,0.7315373673204856,1.096099719048733,1.3825197959033333,1.3803459428886462,1.4577077345879221,0.8694813859878241,0.8577847816402163,1.3908607649602884,1.597575534350922,1.3199881013370947,2.013005476517097,1.0849438718765572,1.3474357075839212,1.2731539798612534,1.2479308723139488,2.6970634574181136,1.3245509479682975,0.971990047746109,1.9453978595335164,0.7623446664914094,0.6096959027176639,1.3844830353541977,1.1235309091910337,1.0451912050109569,1.4390096508609809,1.5492783897127838,1.389912719256847,1.9801732906597518,1.9360629754500593,1.5840758818632412,1.0597673575259816,1.4349148617148306,1.6832568782892465,0.5915214934026966,0.8179516437967583,1.1395067899848088,1.5924963959291747,8.501782043147868,0.6432542399459343,1.3010378371117977,4.330824802834951,0.9736280926504441,1.9321585291804426,1.782324400940739,1.0146793969160945,0.9550278303225157,2.677980982980216,0.0,1.3826753511874235,1.4274753167180994,1.8414516517290882,1.533358480271868,1.553405214880885,1.2910360272796237,1.2569943596165305,0.6816991762240543,0.629025930039754,1.341660638044342,1.1576750724811213,1.202929140848462,1.5399048027270101,1.5456552836453015,0.938925281800584,1.1599614893802799,1.3224774689777363,0.5301735309503237,2.662769746496247,1.1787756829668947,1.4418432387168043,1.4020360423557992,1.0100294509787415,0.9382012006072883,1.5336262105571379,1.0632969310806777,0.8744585153309633,0.6170840320866747,1.0882611585802098,1.429469859925794,1.0061865396854712,1.2159019268330187,1.492690030485229,1.4813156308629642
63,1.0129012997221245,0.8963916038813934,2.5318599524199796,1.0177688409773813,0.8571553634459325,1.9911832859128797,2.326591339309621,1.4413010249266929,1.6793100620002486,1.7954069563868462,0.6420541492983088,0.885825492385028,0.5340317974553366,1.4284347051607902,0.9355160893319525,0.602938358753559,0.7538346949094188,0.36404035551193514,0.8898833399747493,1.0315634050704923,0.7833687452044641,0.9038149664173126,0.718703641598718,0.6363602581433614,0.9667647894282073,1.9954382179019317,0.5793140576162807,0.577210286687457,0.5706967082752018,2.023297804106404,0.5159656090842173,1.7788537623319192,0.9343048587036908,1.1889326342642996,1.5094788650209479,0.8809630309111801,0.7641512259528382,0.7373521852137239,0.7728389062989093,1.086182558297963,1.1310058752005352,1.2125192926964572,1.1791033543187215,0.8676452728043694,1.9849742810782791,0.6537831400492979,1.0609505364382654,1.2067770290185955,1.488635875278706,0.6664498036116837,0.7209029106623228,8.051550790433351,1.2199255944114555,1.0742724894556839,3.8512870539918707,1.7969914179750148,1.4238249918093209,0.9454093001409027,0.8313858140046909,1.2765747328318624,1.9471403008047137,1.3826753511874235,0.0,1.081157322957655,0.9494718224609517,2.422971590385961,0.7668923462284487,0.6675247002688041,2.216857910473568,0.8374711907455371,1.171256818497719,0.8953016697013225,0.8162241352883919,0.8173178048645526,0.5912145294691785,1.0461612531481852,1.0858103038143063,2.075433707351554,1.21014995689377,1.1984547355501238,1.9458167205095986,0.6677535917580195,1.545203866400076,0.8739497102314024,0.9172514243659929,0.8698833203499017,0.924851863501096,1.1916823679133923,0.9674861020850157,1.3471599413625828,0.9122905054039838,1.1137404833208635,0.7687300075971728,0.43545253096346614,0.6403692517519338,0.8394448093722645
64,0.719109038445582,1.2821700533714133,3.3923578425518945,0.4294812021619546,0.39787055021867707,2.3655448726536785,2.342945744311288,1.5580203277624118,1.7784884515254664,1.7082878581113399,1.3897301243317706,1.5227868153688873,1.400607559290663,1.4650925473296414,1.1069762011147901,1.1544891275047575,0.8125891149663921,1.0107068616467119,0.8516444289629315,0.6857269370964023,0.9021504932797042,0.6732274504035274,1.4463301593547433,0.7844496175484855,1.5476442083794135,2.124311500707385,1.2470026344678045,0.8587559256745092,0.8019600818275455,2.843487549284004,1.0445783669544662,1.772639893996151,1.7044585298472723,1.1253821608612213,1.5291155172527113,0.608172799455504,0.5962504307113405,0.8011703245444807,0.8937082251434962,1.522015550200751,1.6341829072808511,2.105210279398722,1.9994869271590827,0.9516862540038294,1.9615168835351513,1.4489663684076926,1.812516270335618,1.4117752091622857,1.5054859104611251,0.7006556129620007,1.6206450170684858,8.819601802263369,1.3250509728872046,1.7067398702691259,4.6408937129252905,1.7621589775296214,2.1869342652124644,1.8085409915574966,0.7288974105358769,1.2204965979010647,2.8061636709817215,1.4274753167180994,1.081157322957655,0.0,1.707051535696423,2.1277768426294896,1.0621740743394257,0.8541739908123407,2.0918202290508043,1.1539279278767254,1.4929159170720454,0.5123864956669095,0.48370807870119875,0.6540630871199961,1.0536785006737586,0.6084819518315961,0.9180129385175788,1.9930875115403632,1.8076487891241702,1.101652950293399,2.83050345963498,0.72494609696386,2.0617070303395693,0.5299464296127958,0.6592192889853415,1.1968199114791145,0.7029604346899185,1.7561060819986105,1.1792707911501008,1.242620340704463,0.6142164117314045,0.5747591233103603,0.6793509893748995,0.9866277155563088,1.2397010583389625,0.6514933749156492
65,1.5852046225023821,1.2078482963666402,2.0426794206738457,1.6465719718275735,1.4567999995265934,2.1755492359965842,2.6216523821898514,1.8487273771613106,1.9877995600633915,2.218467918501066,0.9149466425189521,1.1632063175828113,0.9870651814903919,1.793799836750699,1.5090547555945233,1.183311718839061,1.1859666145947525,0.9619080901137735,1.3808900317647903,1.6478691255515834,1.3485565887598523,1.5626337335881364,0.8480720578585355,1.1938621175567885,1.0372441889966613,2.2724779384741485,0.8925861492849201,1.0146379820488958,1.332147728952175,1.6674458789598605,0.9373208464787195,2.112712772093721,0.8184918339273054,1.622425461516325,1.9546750590684026,1.3173022599853685,1.3507818879951834,1.389859096338727,1.1628740346107473,0.9246149304936331,0.9852074115632883,0.9699257063083305,1.0315018778501956,1.028899226672734,2.3297199258478987,0.802079226766722,0.9997663437733103,1.6006407848934305,1.79113542088319,1.3706098573909327,0.8671545243501406,7.625519495388047,1.5707641852712402,1.2906782480828678,3.434046156353252,1.9956411990179481,1.23143794759742,0.8290611976928305,1.5048852780855795,1.7031884174548197,1.4553935796595432,1.8414516517290882,0.9494718224609517,1.707051535696423,0.0,2.922278777751987,1.1057066548907948,1.1446387907678952,2.546760959943362,1.4110183244040193,1.6345888780746212,1.4788358002679836,1.4174411534066658,1.3606764358778622,0.8665512100714108,1.6123020430223223,1.625216265230839,2.5231118494815856,1.369211773817979,1.7347522010828993,1.6539342028243322,1.4235897686866705,1.6719308210968171,1.3697114235726422,1.5517071309772894,1.2282763523165559,1.3646578857485672,1.2677910597093505,1.2821797353424227,1.8170778229266968,1.4781973600148417,1.6767264922877663,1.359631916092331,1.0097794232784287,0.830507251982052,1.3036031202587501
66,1.9656839330858573,2.5644983917577098,4.342311641222548,2.0049784957156516,2.092571641336064,1.995732607781951,1.3393570890125674,1.8025535283778122,1.7038126545267487,1.5526475218919167,2.6410261683558054,2.5299425523285315,2.527261899340008,1.7359087679177034,1.9119015969147943,2.220602192176869,2.20089050143968,2.415370849460429,2.194894280175295,1.829258066174966,1.9837658234448652,2.044139338461768,2.731218707338807,2.278001384527792,2.9277260316007436,1.3056345895074855,2.4973442876329006,2.324888729494578,2.138013748273257,3.7965685598102916,2.371186323674965,1.351985439666033,3.01998959434106,1.8710767645614537,1.3073933448583905,2.189959308417557,2.006630637983332,1.9301870915912547,2.346763775419453,2.7263229772040245,2.5363319941760363,3.1200438291187935,3.02779833090069,2.507727009473101,1.307740884709689,2.5511522531358635,2.792505728932833,1.9251760730623673,1.5536331245141801,2.02050534714172,2.7658680060918095,9.628989534888257,1.916022768254085,2.5505072869214884,5.434742020738891,1.9113514675969927,3.147353824645277,2.896375388165594,2.0040052560613257,1.7958941111804672,3.831111614700461,1.533358480271868,2.422971590385961,2.1277768426294896,2.922278777751987,0.0,2.4438757566574747,2.125698317186678,1.202169097776397,1.8775185137674806,1.9478389760531205,2.132499611058509,2.0606101701624615,2.157682051926066,2.495804148797097,2.1699921893302614,1.870909842811921,0.8491699912300171,2.6273774784909265,1.6442038135144341,3.811474804966219,2.147532478028917,1.9659137774233855,2.2024797588549223,1.9202181885891758,2.212987199604609,2.2579107898299036,2.3948009734094846,2.023515196579496,1.3332195652835923,2.02660937608681,2.1359697529604005,2.044865953094294,2.247220676249766,2.5776543856369103,2.252462457605003
67,0.9328564558989987,0.9984231093739248,2.9018741174645526,0.9942282112022303,0.945334408236275,2.290707575324942,2.4596008611449034,1.7454197011514254,1.8422383994558997,1.981380007980256,1.1877700347697522,1.2957658572277282,1.1594812706011721,1.507259881362299,1.2085148622761,1.151680829253159,0.6765631202774188,0.8292576010438508,0.8095603573756388,1.0841895426039394,0.7824642027018319,0.8344059327923163,1.2490477392543262,0.7214050674293516,1.248198484836146,2.136629904971258,0.871864864130926,0.7076909582222021,0.7332871699726501,2.4697329100765355,0.9138463507994536,1.9311052295830853,1.3269734477407724,1.2943507799874234,1.5981448988349307,0.7497954100837748,0.9280157059860573,0.8678106225507961,0.665719043475841,1.0027117857081214,1.1132885191906468,1.6766262096173357,1.6349389375401564,0.8087214277106937,2.149962299891618,1.147970531730299,1.5380685054485232,1.4888759996260033,1.4859869957974294,0.7460210342070979,1.2259452356738785,8.338776137466255,1.3388944297499188,1.3786989978463828,4.24633136479542,1.7594749326834274,1.9420756845661737,1.4119619568675157,1.0065818393448605,1.2265090198206778,2.340971716202734,1.553405214880885,0.7668923462284487,1.0621740743394257,1.1057066548907948,2.4438757566574747,0.0,0.5948486472949499,2.2971114850397343,1.208440937884633,1.5509599512267809,0.8345292784402035,0.9530578213893611,1.0442310593594575,0.7291007388026494,0.7991683845880744,1.1788175487527828,2.1475897976064218,1.699460316296383,1.3608807826556004,2.4550064954766198,0.917400798630532,1.6917811080893803,0.7922674301615238,0.9279769377403678,0.9721893886650647,0.6355792145610306,1.4041866786101644,0.9858012562878926,1.4195728903859375,0.8609401510848649,0.9386934978439727,0.8788316028322926,0.647950696238011,0.601846045258825,0.7435310831212385
68,0.717870143594021,1.116515257583727,2.973355822096972,0.7461910572779377,0.6735759240713661,2.10380809273939,2.150651055093349,1.4151229823242584,1.6082368867003713,1.661726021742205,1.0363098865932296,1.2530769033633844,0.9957591708771064,1.2646736547984392,0.9532155620223614,0.8844356988013681,0.47960397896191537,0.6545185945250664,0.6352168376328653,0.77723552969598,0.6110544344651841,0.5553455355661231,1.2001735661936488,0.6270442200074795,1.2260141124104604,1.8824395588189424,0.8034976987569458,0.5962827652696563,0.5438244361057682,2.4808696140680087,0.737468342232143,1.6860236978088905,1.3748061177950757,1.0113363703865377,1.3504565503798058,0.5824233692614359,0.5769367658927976,0.42483294267787086,0.5151887900068096,1.1747830615191972,1.2108289357753081,1.6526409548477794,1.5880137979727291,0.7378955826026884,1.851638750916396,1.0232575424193477,1.422793420988398,1.2158447311071503,1.1846553458946931,0.48267833119520237,1.1471103726773915,8.503324406585723,1.0902054752409214,1.4181977071603298,4.3137242359242665,1.6440669828044454,1.8609811173764765,1.3808092287727909,0.6773999313991698,0.9738844276098161,2.394860669226107,1.2910360272796237,0.6675247002688041,0.8541739908123407,1.1446387907678952,2.125698317186678,0.5948486472949499,0.0,1.9872698523325967,0.9223187562858267,1.3048207238210605,0.5976262562173243,0.7016755898339077,0.7998033837287716,0.7500605053426361,0.6894147081802621,0.8240134316351607,1.897618816654307,1.586944712147699,0.9925458205296552,2.4305640620023254,0.6510682850771086,1.5903284437316505,0.6236455448055342,0.6560496151074017,0.8781052245269625,0.6632228383811701,1.3472668001411636,0.807786810225917,1.0708443016657962,0.6225380467620034,0.7547402701205636,0.6126651579360617,0.5199778327810355,0.7701616702189571,0.5735267837457667
69,1.769549781244717,2.3069174875025737,3.8341090656644865,1.9835034216212784,1.9910448628928081,1.5244247776112232,0.7856299016038434,1.207817585813337,1.0283249998014365,0.9536581158897264,2.4036423196560346,2.260808736791107,2.2370903598258693,1.1466748082842226,1.7184056381821724,1.9828441451161594,2.0395607295191853,2.160298193487445,2.142455016798232,1.6913101610780465,1.7378287109223383,2.063332603051115,2.4076851960134507,2.009629663857657,2.7503387080419714,0.7906343186289072,2.162244298002605,2.0344980526940786,2.093752877865829,3.2923857917390547,2.0382522221355477,0.9406747357638766,2.689551245247726,1.4385084419486995,1.3017641610199528,2.032031432642466,1.868986331759394,1.8400141929679232,2.241328056568179,2.3532982578371016,2.117543058556474,2.675768419552432,2.574982236569349,2.183364639382674,0.7615976465295214,2.2068522132818584,2.410160837481061,1.4870316251049216,1.0124936993306108,1.9976843030874805,2.4052444096906958,8.975053202252745,1.4120349362841356,2.2341632361859474,4.819378748029122,1.3263367019170464,2.600749004070223,2.4901466169260322,1.8506725862526436,1.4001981216427402,3.303656969746903,1.2569943596165305,2.216857910473568,2.0918202290508043,2.546760959943362,1.202169097776397,2.2971114850397343,1.9872698523325967,0.0,1.6105017435713542,1.7405015023965857,2.065166036786126,1.8877319978854759,2.0047603961677023,2.2921539784711,2.183981830818663,1.5938572698782,1.3996581513167927,2.2154472152553004,1.4211819666196452,3.35181776355845,2.068682410152816,1.524506314320972,2.0506599567853177,1.8335953290075788,1.868073373682799,2.21901222289616,1.8621049152260751,1.6786853116394271,1.1344214033606927,1.872032669145831,2.115827785529516,1.8085583664625993,2.019973750108064,2.2940105086593996,2.1105467469955284
70,0.8035271694884634,1.1068727212827,2.815946613777611,1.0147641172858755,1.0024814081833173,1.4268549151081158,1.6812414054998674,0.7506245601598481,1.0207930281540147,1.0706558682346847,1.1077109786687689,0.9285082426471855,0.9260271119531785,0.8212601693564046,0.5992456004266083,0.5791364375603052,1.0305135234769165,0.8550715599412348,1.0955089453923128,0.7376815151753435,0.6116761498741363,1.0568646444605574,1.103660687896631,0.9465446036406108,1.4694500209635226,1.3748340900749751,0.8809633999037627,0.8250691696684672,0.8161659087147757,2.293845918082465,0.8537437375422319,1.233816686390443,1.441075771455625,0.7360556850167507,0.9418113334231134,1.0794974365548382,0.7935210053512344,0.7168394611190105,1.059683869138765,1.300950825155792,1.1789889439687962,1.5061563708249315,1.47525081649594,1.224066253519587,1.3424307890112201,0.929031124966561,1.239029116236313,0.6189119696376697,0.9583102492408514,0.761935766650332,1.02909324966752,8.230084656369133,0.6404059142058008,1.089960390676092,4.028569960195544,1.309324758721259,1.5504490910498137,1.299306282882317,0.6255094291064432,0.9462211554422383,2.260018932052459,0.6816991762240543,0.8374711907455371,1.1539279278767254,1.4110183244040193,1.8775185137674806,1.208440937884633,0.9223187562858267,1.6105017435713542,0.0,0.6241774644174618,0.9871730204629736,0.8713845402292862,0.8750887944567667,1.1195679231496216,1.2501260215752568,0.7637322018670015,1.4908736870413395,1.0654147575158641,0.5900813254371499,2.200443003929337,0.7226569752986239,1.3438861507393212,1.103384906317055,0.7634157171778532,0.6096346930790335,1.2165587864066858,0.9120548598239414,0.7661876760229515,0.783755162204431,0.8592049715198665,1.1808109677440792,0.6607944948704203,0.784636715542748,1.0859206920481896,1.1168523704610056
71,1.2005934269068441,1.2385139827634601,2.801866864537319,1.3577039163182434,1.3414890811324525,1.2010316031203951,1.8142649232963752,0.8451024984334572,1.007151265781854,1.178213910556012,1.3664044838487488,0.9269427996112637,1.174773521972766,1.0055749296381873,0.5870813144021538,0.8036623653120327,1.4270424847915972,1.183524071201526,1.5011002727925384,1.0042573473234422,0.9558099361262269,1.4684668064324422,1.2571398823069688,1.3347014307029699,1.7477262358287953,1.456938404956117,1.128378025956751,1.2117243378294025,1.1890311863436815,2.3051422554381746,1.1871504522719973,1.2579876756259878,1.6194774776120466,0.9187521078557277,0.8966003760646638,1.4638337508972494,1.1368898707557662,1.0789684599120688,1.387471335753859,1.4236995937096868,1.2909542508023275,1.6360720246173812,1.6220423446547012,1.5539681344781942,1.4717862690749142,1.1584003312448092,1.35131286786394,0.6626400789567246,1.2400953914524118,1.1071959781291782,1.2792984253173485,8.163529544908254,0.8874806845233127,1.0117560792778855,3.949080895253775,1.2848584713017768,1.560558891305747,1.4684928673672555,1.0487023829199285,1.282331461445606,2.2954370178101975,0.629025930039754,1.171256818497719,1.4929159170720454,1.6345888780746212,1.9478389760531205,1.5509599512267809,1.3048207238210605,1.7405015023965857,0.6241774644174618,0.0,1.39857827431011,1.1829417488627625,1.0994238053719545,1.394876304404907,1.6500651544139464,1.107537554976226,1.4742972902330274,0.8725552300162116,0.7892816954943472,2.232483800460105,1.1159414179515184,1.5716259618955253,1.4558708743629438,1.1494741463240161,0.8797541111488736,1.5569182920833993,0.9704395107709883,0.9671356120572924,1.0264946073911594,1.1968180329887348,1.554537886051655,1.0670770749841945,1.141231482824867,1.3773743594417536,1.5186687193422288
72,0.5381727873795822,1.2042774816546022,3.2118709346155203,0.30694067786573265,0.541027715235851,2.269470314562187,2.2433216169632333,1.46679348848679,1.6987824896051118,1.6400326118109174,1.2519457167531307,1.411964650036652,1.2350987445096102,1.373188232368943,1.058079064803367,1.0102003417713568,0.6437425486826528,0.8648310288230084,0.678500975819142,0.654723523725974,0.7189167337672512,0.46448063869697986,1.3536056779525527,0.6245340649669461,1.3925759732518634,2.037724580882722,1.069023647278789,0.7534844358912487,0.5735080108993347,2.719409061068968,0.93639503557687,1.7704407801282316,1.5783328044478373,1.0712873616870593,1.4638146532837717,0.48219329156715346,0.574054786609172,0.6109857574752836,0.6633446087993368,1.4125516588694917,1.4819367883604857,1.9350452294247174,1.863564458486737,0.8339156417521089,1.9262688852779477,1.2896505188118956,1.6796825597424347,1.2805692223075908,1.334507898900661,0.4669267253302015,1.397694460765175,8.709591442025536,1.1466085954994696,1.6082154830125246,4.530825617872781,1.6992376521730364,2.081436445106329,1.6654006331584756,0.5584392257871558,1.1166292667353679,2.6470099151103113,1.341660638044342,0.8953016697013225,0.5123864956669095,1.4788358002679836,2.132499611058509,0.8345292784402035,0.5976262562173243,2.065166036786126,0.9871730204629736,1.39857827431011,0.0,0.6069071517426637,0.6948937079086344,0.9457020946916161,0.4033882850742951,0.8104714889790208,1.9079158318526073,1.700703863565598,0.9751202876002243,2.660647905243969,0.5415225556763514,1.9122742319524628,0.5272388152564405,0.43995913188898084,0.9765454109799722,0.6203323552030495,1.560724669791164,1.003105660019555,1.127272718286395,0.4921124554713341,0.3823279996636655,0.47251167866177685,0.7613001447655317,1.0222766464647997,0.5317341375312612
73,0.6823400093488702,1.0796992221600634,3.063373889143868,0.5254933650089058,0.30598193695101095,2.0118532724278597,2.142998464094684,1.2519169680604705,1.4692264502719363,1.4827203854374744,1.0871015421832593,1.2202114079318314,1.054427733690779,1.1907239643553158,0.8392443685440911,0.8657328864754851,0.6082114928779172,0.7330530463194673,0.7725362603880737,0.5635668271452501,0.6564814561085219,0.7075844170233735,1.1095979507712999,0.5345280244150564,1.3992481675112118,1.8684918651688076,0.971643543006193,0.570894280570236,0.6615804352077702,2.4840943661707726,0.6695030155358037,1.53350794360894,1.4081482742462748,0.8655582236557952,1.3257105835554472,0.5052491041424934,0.3338410435547885,0.64747184208228,0.8212117073722507,1.2642975800320404,1.3157170788027395,1.7535740168143175,1.6297011816899436,0.753163895394762,1.7498086907689256,1.0778258132709067,1.470001471373776,1.0929589017155976,1.2813708520131353,0.6017725654234448,1.3265261224955376,8.516464902237638,1.054558447874599,1.3908007302576784,4.287904049496003,1.504885371235291,1.8080570418450037,1.4426166495035198,0.6320683588736212,1.0411092115466303,2.4653519869790035,1.1576750724811213,0.8162241352883919,0.48370807870119875,1.4174411534066658,2.0606101701624615,0.9530578213893611,0.7016755898339077,1.8877319978854759,0.8713845402292862,1.1829417488627625,0.6069071517426637,0.0,0.376864768084847,0.7650094375761188,0.7482981187616917,0.8073844355159653,1.8604991762228547,1.441896131324505,0.9008515318887563,2.5126539076296748,0.6486543346754485,1.740304268440434,0.40205428092541523,0.6017973547102708,0.9333497536291423,0.7035519194150444,1.4149092524509586,0.864060472445048,1.0632312586354724,0.5397731810670683,0.7410785245312986,0.5165365744595172,0.7387988216601871,1.0105118385790954,0.5669834899814791
74,0.8507467182504038,1.0910375743878884,2.9012183846526995,0.6335311825674704,0.5287066032587533,2.0080041922849663,2.255772886547265,1.261998412398085,1.5218535529948227,1.5463073293430492,0.9828108523788596,1.1429144968795577,0.9668501999645405,1.2845970883992228,0.8045623160916697,0.7993243882442435,0.7476410106435315,0.6857527956006476,0.8790761716014626,0.64557361745131,0.7597552014141293,0.8709417501357947,1.0097720818058686,0.7072159334569704,1.2749436389348612,1.9544301961218573,0.917549434524124,0.6302337965716956,0.7116776931701929,2.3472844419492067,0.6804943322176911,1.5638086282891155,1.2721179938426765,0.9395229119081999,1.3452020218169216,0.6757078960512525,0.4789129897354018,0.7500508520514192,0.7916394139412614,1.2484097494521407,1.3171562691996246,1.6450004501685755,1.5427746859025566,0.731814249054534,1.8330382689430302,1.010089873027719,1.3577676370190517,1.1499021833863812,1.3911829523527022,0.6516058409566932,1.2347391970548782,8.409189627643688,1.1448309087217956,1.3787483207420657,4.14651928797083,1.5302429341310515,1.7000033215022077,1.3693400028703202,0.7135709168501372,1.2291888554421586,2.3299113953546073,1.202929140848462,0.8173178048645526,0.6540630871199961,1.3606764358778622,2.157682051926066,1.0442310593594575,0.7998033837287716,2.0047603961677023,0.8750887944567667,1.0994238053719545,0.6948937079086344,0.376864768084847,0.0,0.7293710420957868,0.891350904026512,0.9478290671684632,1.8980923849282736,1.282474567665625,0.9693689656180677,2.3633474533949435,0.6733199601359845,1.7981196247179703,0.5515758541140401,0.7588303036683978,0.8991986364414423,0.7925862229063966,1.4303156138499686,0.9337132226684398,1.1944183787449545,0.6906911682710731,0.8429546221000976,0.6575499407111386,0.8461714161208631,1.0297820523290322,0.6777316387306687
75,1.1411454248266983,0.995627503254802,2.5319812909504456,1.0372526541044702,0.7949138981444274,2.1061714656827917,2.481943161699289,1.6062538356042577,1.799899773428985,1.9367865462903138,0.6639018686823999,1.1063871012562196,0.7477755799683609,1.5499955406653059,1.135723600881764,0.9193179926630917,0.6192119157608271,0.5468098586896897,0.8183992727329048,1.1161560755222677,0.9398535652186262,0.9881519900675441,0.7329452030331814,0.6823166074011703,0.9076693613557654,2.129200129338288,0.7861568508597273,0.5152577749003662,0.7903676638735486,1.975899906540914,0.47909604898232117,1.843817243493979,0.8309248531009608,1.2847188064899913,1.6542180389532932,0.7451550466831143,0.7506120330811088,0.9595559210553897,0.7800111130595515,1.0444002777948365,1.0950181657762672,1.2669286496776653,1.1583103616500634,0.5742531950142897,2.1160138284676617,0.7205656158432369,1.0946274178393836,1.407604419514264,1.5876655818780558,0.8461733463809654,0.9845602158934078,8.039885738542948,1.372702195316047,1.2494915679785623,3.8156122458333557,1.8183926541850557,1.5066621118038146,0.9541673885050238,1.035316339860321,1.41065342780179,1.9287146550981429,1.5399048027270101,0.5912145294691785,1.0536785006737586,0.8665512100714108,2.495804148797097,0.7291007388026494,0.7500605053426361,2.2921539784711,1.1195679231496216,1.394876304404907,0.9457020946916161,0.7650094375761188,0.7293710420957868,0.0,1.0083973877839045,1.2748633475403748,2.1936484499749924,1.3420046590423322,1.3696503241071012,2.0582951579662114,0.9268140936247452,1.6239731048422499,0.6939450833403207,1.0550815299532923,1.0118572440573272,0.7253689473916954,1.3473363576168198,1.0272212574435657,1.4913976646004505,0.9942729610319265,1.1033282189396545,0.9247000288108783,0.7168363826316847,0.7495070767760894,0.6705456779914237
76,0.7515903884356294,1.4104806291541454,3.3920818965978805,0.46091165670755624,0.6642253379076264,2.4596799276718966,2.3816156087060847,1.7070113118447654,1.8920845479316215,1.8405704274134198,1.3839644204038817,1.642795940413713,1.3951522706953814,1.556995009863473,1.2870395846142841,1.2883707299622957,0.6431607403125461,1.0479620910867082,0.6170170110329446,0.8738883735794005,0.8710901972278845,0.4068581221910455,1.5413807967540667,0.7159346466020248,1.5015376306125712,2.193131862660846,1.2949965729315525,0.9104493449511026,0.6635915657074712,2.886442620385324,1.0764454167315298,1.9508849707690796,1.7016842614628833,1.305016909004833,1.6100799830035273,0.48124492550537756,0.7409926339256033,0.7645069010959409,0.7844164688046785,1.5552504958052296,1.6178076134978499,2.1028575012880286,2.004189314295443,0.9293631203332082,2.1093683423733567,1.4558483548832928,1.8746065428842118,1.5430943007018818,1.4875820331209306,0.6250405975309506,1.6186046170901958,8.871990815319123,1.3830638801671584,1.8185356527821022,4.711051754374749,1.864923338054795,2.3141486397595434,1.8083092351507386,0.8344386695158633,1.2783509856469248,2.827466469676259,1.5456552836453015,1.0461612531481852,0.6084819518315961,1.6123020430223223,2.1699921893302614,0.7991683845880744,0.6894147081802621,2.183981830818663,1.2501260215752568,1.6500651544139464,0.4033882850742951,0.7482981187616917,0.891350904026512,1.0083973877839045,0.0,1.0751983989827232,2.0011672193532175,1.9648145746913095,1.2050589472017394,2.8721098129200193,0.7897379225838224,1.9975050398991057,0.5452059916527167,0.6468192174722082,1.219186387504494,0.498680290542223,1.7848212325393766,1.1570152012423387,1.3031075550966493,0.7171122701532283,0.4342273764657834,0.7776568703596487,0.9271367187390606,1.142850438240967,0.4954930740476625
77,0.5210945991715218,1.2008094793853412,3.2277075896150973,0.8469700663512676,0.8350900220249771,1.905289525856718,1.7914933038979615,1.0176891055770823,1.2410114862105388,1.163418448088118,1.4573463797999373,1.332961325170708,1.3330939267604092,0.8959877873802294,0.8252272738582564,0.9048349486468089,0.9657682708846063,1.0339068962651918,1.0797325853725894,0.5650621842338676,0.684081198881577,0.9168485586383759,1.4802190929000985,0.9497112616912463,1.6587307110254883,1.5865066182522536,1.0363269508628314,0.8933787892376773,0.9259891782070335,2.723648678623166,1.0625198135093774,1.38299108547388,1.7700137820998443,0.6385528142375021,1.1595162998703419,0.9513081972379315,0.724062130833278,0.6479389183359013,0.9943561702614464,1.412609698950864,1.3850861877946943,1.9223726171533344,1.8826221726266112,1.1261624200796485,1.465404612057963,1.3337267598828055,1.6206379698880962,0.8302183197769852,0.8838704906029822,0.7794555114452543,1.3886292492482872,8.601192223953007,0.747583307829252,1.444292381423497,4.454646622974929,1.3456979322906577,1.934496907538044,1.7103309041753503,0.541729439530453,0.5924862170572409,2.657663814976566,0.938925281800584,1.0858103038143063,0.9180129385175788,1.625216265230839,1.870909842811921,1.1788175487527828,0.8240134316351607,1.5938572698782,0.7637322018670015,1.107537554976226,0.8104714889790208,0.8073844355159653,0.9478290671684632,1.2748633475403748,1.0751983989827232,0.0,1.6755332368847884,1.5621860455482859,0.6178696954313273,2.635001428636156,0.7578129339402524,1.7050488662851397,0.9602778337404843,0.6500793449951321,0.8248797756676757,1.1559176701251785,1.2525229754264677,0.8571135324511187,0.7586327125893004,0.5425915738992165,0.9297150201294277,0.5262307148022161,0.8777684535946924,1.1639727712587153,1.0204218443831574
78,1.7193232488667667,2.1841049139759177,3.849827331072711,1.8062333071450587,1.9297063361005633,1.6021502696283731,1.3361756899467259,1.5609024273990666,1.421965754845594,1.385159781949792,2.3000758153510206,2.0420358465953035,2.1969036055667504,1.524704955258038,1.6022580726391695,1.8679788259750174,1.977613685085521,2.116249289012909,1.949178657854181,1.621841248940425,1.677518540050069,1.859448365240862,2.329580328766887,2.0387807449856252,2.588644152875888,1.1699438525747343,2.157091224989484,2.042085918246936,1.8222765436613968,3.374736737477181,2.0806881591073005,1.245148047995073,2.626331230952804,1.6766064976810382,0.9683813180234222,1.9813204738521442,1.781556681939956,1.6797364645662858,2.0450040043386406,2.3011519097120754,2.114676189305016,2.697828861734603,2.65116543315965,2.2948029361991735,1.3103246581199168,2.1668843966345417,2.408645126541944,1.5400838427446262,1.402251732864136,1.7179248296691616,2.357171986431685,9.142992871711147,1.6071590226685348,2.0783811972831745,4.980579987880612,1.6437288105440866,2.7345280473471854,2.508204402649747,1.736511713943682,1.6758865790883664,3.3786737277762118,1.1599614893802799,2.075433707351554,1.9930875115403632,2.5231118494815856,0.8491699912300171,2.1475897976064218,1.897618816654307,1.3996581513167927,1.4908736870413395,1.4742972902330274,1.9079158318526073,1.8604991762228547,1.8980923849282736,2.1936484499749924,2.0011672193532175,1.6755332368847884,0.0,2.1545423408545306,1.3709985933033846,3.343907340630556,1.847684965738188,1.7601386994165935,2.0255567836216923,1.6569315001227907,1.8037810419733602,2.024643158085994,1.9605354729325077,1.6695721758314037,1.1463193879197957,1.7889060321515957,1.9650843245663752,1.7779149815866426,1.9287807876891703,2.1996755955650915,2.0560868850567364
79,1.620432841429991,1.163387929733612,2.0535293215319386,1.7093954418848671,1.6114111026724929,1.4203197015337679,2.334534675995341,1.2470882560282361,1.419627718343307,1.6935517019630661,1.2220080990968292,0.742428148755905,1.0172022431010015,1.4460762319467964,1.0825126525912527,0.9414659847474545,1.6635156180879127,1.146777563978621,1.8068312311805979,1.4628262594972161,1.3508025257247265,1.854670259275776,0.8804734751660458,1.4434326902988048,1.5881118000971484,1.917652664842466,1.0596663226141658,1.2982570998240075,1.514914980512961,1.58683387247302,1.1813333292019772,1.6207133326461172,1.1913264403410855,1.2954376883902554,1.58986754562315,1.7057151307823362,1.4637705381891217,1.5290326149663533,1.5607296680117653,1.2918500968545172,1.2397225387991524,1.1699393726531515,1.1642023649794344,1.5356016262615932,1.910915852676366,1.0011449558008103,1.0048253169871206,1.1062287887710534,1.7325464755656563,1.5014166485593623,1.027661427504341,7.45016253490413,1.3044956672156374,0.86297296318685,3.17920662664376,1.5752013355053298,0.9028228449788662,1.0704950906659754,1.4457580892890676,1.7213481591081123,1.5841597893682167,1.3224774689777363,1.21014995689377,1.8076487891241702,1.369211773817979,2.6273774784909265,1.699460316296383,1.586944712147699,2.2154472152553004,1.0654147575158641,0.8725552300162116,1.700703863565598,1.441896131324505,1.282474567665625,1.3420046590423322,1.9648145746913095,1.5621860455482859,2.1545423408545306,0.0,1.4341348150013855,1.547640699000754,1.4456556937526828,1.7080871931395631,1.6694728930994347,1.5934362485585225,1.0838858655094752,1.7990953172808248,0.9735832700853178,1.2621995898238416,1.6512780847334698,1.541666527671697,1.8930635867822545,1.3743305716897518,1.3247138378053884,1.3493422324206312,1.729130856537026
80,0.6744015529588022,1.3968973947231709,3.2591785785771474,0.9187139966780571,1.0089372300096668,1.5616946177269968,1.5456306711536192,0.706510051190539,0.9401030414230203,0.8465572731550413,1.4707819117766856,1.3477666322274533,1.336462082508378,0.704833674726431,0.7107829009126982,0.9561978503263855,1.0964557150181475,1.17869386046777,1.1347355471324012,0.5710912819805176,0.6509636515181835,1.0193344836489187,1.509326110295868,1.0831758635577615,1.806045984962047,1.3828395299326228,1.2153724180553884,1.0549337096967446,0.9723496094904168,2.7239127803422267,1.125158045818222,1.267577901282188,1.8416506509866624,0.626150965584514,0.8494271452916179,1.0764024012085551,0.8073156190009101,0.7258128802842668,1.1904980382121388,1.553526069714729,1.4282685575415268,1.9501120950932558,1.8776736440568493,1.3409180130339613,1.3110367960064946,1.3195289885427965,1.638167236961089,0.623345999796017,0.7656085396337298,0.8457148148683443,1.472835343166653,8.651855186369568,0.5340548207133069,1.450966251012311,4.45290050655322,1.208769179117733,1.9668027473609455,1.721440706103766,0.6442162338389953,0.831385510445531,2.699878808536737,0.5301735309503237,1.1984547355501238,1.101652950293399,1.7347522010828993,1.6442038135144341,1.3608807826556004,0.9925458205296552,1.4211819666196452,0.5900813254371499,0.7892816954943472,0.9751202876002243,0.9008515318887563,0.9693689656180677,1.3696503241071012,1.2050589472017394,0.6178696954313273,1.3709985933033846,1.4341348150013855,0.0,2.6702509241681462,0.8822959961865259,1.6290898554094806,1.1101216037839603,0.6741424420883314,0.8443615065896883,1.2605816095202145,1.1901413137615064,0.7956572785577446,0.5325975755358706,0.7997514986195918,1.085305959251258,0.7018580686780016,1.0236657355736885,1.372428261631661,1.1557306885783936
81,2.708955786219489,2.094543287032521,0.8618823153737895,2.7828437967873594,2.5928947300806304,2.4961274940969687,3.347738055611134,2.4577447281664866,2.6925034777201144,2.8997669535253605,1.6932270528306692,1.7139901474778905,1.6294306412577435,2.6283735305551166,2.3599692919341693,1.9083004293274162,2.4825431211530637,1.9068859343089268,2.6012401190233216,2.667499801884721,2.4602033911955052,2.759266885798086,1.5216008311807148,2.3677877205470113,1.743231622264707,2.9749258182334324,1.859955967612448,2.14158043764545,2.429034568808825,0.7404420480792474,1.980907689625246,2.8464711546506574,1.3479342976558122,2.5214716496515424,2.85639316315652,2.634945942775825,2.469804701657642,2.5153361430546353,2.3526429779595683,2.0539886396871814,2.0273245022616373,0.9778604472944559,1.1892837664219316,2.296245083883425,3.026707587770209,1.6120862967929406,1.2717634232073693,2.3686434537641268,2.816697421851266,2.497396246822373,1.400676603542185,6.344837567204927,2.4827850110100464,1.8597921193058908,2.1061540746046035,2.8784115396069683,0.9861585968453295,1.283222874527512,2.479003784276131,2.764429414858447,0.6787082107937523,2.662769746496247,1.9458167205095986,2.83050345963498,1.6539342028243322,3.811474804966219,2.4550064954766198,2.4305640620023254,3.35181776355845,2.200443003929337,2.232483800460105,2.660647905243969,2.5126539076296748,2.3633474533949435,2.0582951579662114,2.8721098129200193,2.635001428636156,3.343907340630556,1.547640699000754,2.6702509241681462,0.0,2.4015254160165953,2.3788111181820444,2.617527804726019,2.690310130923536,2.1461308010674824,2.663835185933131,1.9151099845440838,2.3820240470329463,2.86039124196855,2.6193190022235084,2.886857173320273,2.451599203108553,2.2089628969844672,2.0455039495948495,2.561202766946758
82,0.6282813287404769,1.0381080853295654,3.028652436902699,0.6358790064205342,0.6585933044470846,2.0913788740829085,2.213577479650029,1.2982336424166905,1.6038728238890307,1.56023110546564,1.0703148284040354,1.1356602473998856,0.9965562842836935,1.2966176139504784,0.8194208132908994,0.7416049330299513,0.7383458402287443,0.7076406157816325,0.7503499528199014,0.615303583981775,0.632483056941638,0.6207142523723971,1.1899788175161072,0.7467186808710161,1.2758941151084828,1.9362435467798509,0.8832394455886347,0.6773390245156594,0.42093468222991737,2.5206946104654846,0.8335257547829543,1.6938064237823953,1.44214521563373,1.024029366115281,1.3442315513852223,0.7559832167544699,0.559575321041908,0.461039020205823,0.6416938414862927,1.3484717160223345,1.426142627424081,1.6991542649904339,1.6644402299813525,0.970301697057503,1.8240183998298032,1.0921524060529884,1.4503612024786519,1.1100410338627191,1.3282304382882262,0.3905384240496569,1.1204511664847616,8.457551084883265,1.0843258369557975,1.3526112505668428,4.311136787832597,1.6990962459806929,1.8440341121827586,1.4620010337836518,0.3720163802191419,1.0573377391625192,2.4706958429361423,1.1787756829668947,0.6677535917580195,0.72494609696386,1.4235897686866705,2.147532478028917,0.917400798630532,0.6510682850771086,2.068682410152816,0.7226569752986239,1.1159414179515184,0.5415225556763514,0.6486543346754485,0.6733199601359845,0.9268140936247452,0.7897379225838224,0.7578129339402524,1.847684965738188,1.4456556937526828,0.8822959961865259,2.4015254160165953,0.0,1.7742733183355144,0.7320083183845687,0.4798069347229829,0.8015851735528433,0.8715348126712357,1.3746251601318773,0.9498007338970621,1.105426616939718,0.5456573607850972,0.6649195115478409,0.5097048200341127,0.6841191518887811,0.9555405642789919,0.7554539084681237
83,1.774567032677093,1.739741744201069,2.8089102662822176,1.969349938932795,1.830595570962338,1.3889257213466295,1.5874956735681942,1.4714350112502546,1.4150156530945197,1.6530089994431658,1.6580090278856998,1.638360470811346,1.4874455520089898,1.3851981990310838,1.546940480869773,1.5209148540583468,1.6339120322820158,1.5867540675081573,1.7807115210689268,1.7603396611192292,1.5032661928856212,1.851378750143982,1.6833701954948648,1.6530011338873494,1.9578150221890704,1.1059195565127762,1.5330212803682788,1.5626099073414366,1.6868222076876764,2.3122547251700865,1.4951643098537248,1.2602353408321878,1.8069417216415677,1.5777276198175973,1.401837690972803,1.8002023183179416,1.6792407809004206,1.6171979796479876,1.8167718949718825,1.7317948272679176,1.459942557185018,1.6924410941142756,1.660205239532564,1.7646947972699758,1.3289076095779004,1.4418994502594733,1.5955533909040671,1.529142945950147,1.2821809017983243,1.696198217243395,1.582805806569737,8.03151229304377,1.4920959110312317,1.5386770399853236,3.882303319439505,1.648603158108779,1.835844813968144,1.5580560406252486,1.7369648333463859,1.4530861034641718,2.2833841037317013,1.4418432387168043,1.545203866400076,2.0617070303395693,1.6719308210968171,1.9659137774233855,1.6917811080893803,1.5903284437316505,1.524506314320972,1.3438861507393212,1.5716259618955253,1.9122742319524628,1.740304268440434,1.7981196247179703,1.6239731048422499,1.9975050398991057,1.7050488662851397,1.7601386994165935,1.7080871931395631,1.6290898554094806,2.3788111181820444,1.7742733183355144,0.0,1.8208649311617846,1.7653231397717668,1.5178394903943595,1.8590570152386385,1.315960138060079,1.4553674591019625,1.3937972204091673,1.7916031641968662,2.039046061439621,1.6686236962962886,1.48548688926035,1.6162742616084365,1.801618748675665
84,0.7366744196977637,1.2068592523520958,3.1305376174586637,0.5308478483742958,0.40436619696135373,2.250169589108637,2.3092752029435517,1.4885946635574405,1.6861999262558085,1.6962777241689946,1.1236206459886997,1.4221625657343084,1.1587496967841415,1.3907484600111708,1.097055913029562,1.0932085494885257,0.41719178722073635,0.8054284758862905,0.5966919708388913,0.7482542330156507,0.7680910862703061,0.5893194218504995,1.233858310344116,0.5481153234090105,1.3615944587669813,2.0552830493825205,1.0583502786978793,0.6110005488468997,0.6464555229996863,2.5673347004477565,0.7277524654634213,1.7471013526445254,1.4322089656628652,1.0902019006291797,1.538087151947034,0.2846939791628798,0.45458601527670384,0.7105789855250624,0.7179309244323193,1.3116750271976405,1.4105727172078781,1.8252752102938172,1.693436070038229,0.5702801876221937,1.9644265447533351,1.1700150683278872,1.6037072490874917,1.3282019078682894,1.371892280218398,0.6365682986086926,1.4076435983187048,8.593417077591754,1.2325613313724886,1.580731878840503,4.390965666228967,1.6697401398214977,1.9783589059814992,1.5139490839566718,0.7551499475531409,1.1343731028375783,2.5248404430341806,1.4020360423557992,0.8739497102314024,0.5299464296127958,1.3697114235726422,2.2024797588549223,0.7922674301615238,0.6236455448055342,2.0506599567853177,1.103384906317055,1.4558708743629438,0.5272388152564405,0.40205428092541523,0.5515758541140401,0.6939450833403207,0.5452059916527167,0.9602778337404843,2.0255567836216923,1.6694728930994347,1.1101216037839603,2.617527804726019,0.7320083183845687,1.8208649311617846,0.0,0.6664680163414245,1.0455949954190964,0.49309094826104516,1.57947411935141,0.9464066626331465,1.2224093224730757,0.6240921681689192,0.569400974187353,0.6543091355033076,0.8036002145247693,0.9952446017242431,0.3047044846573232
85,0.3481163627942657,1.1739676669731225,3.269891884953861,0.4370738608396515,0.6211981701090792,2.0089135748274334,1.9937101081129704,1.2096878072916877,1.4259018329545838,1.3685326906534108,1.3091854987583373,1.3276920328316546,1.246030664604089,1.1257639335970997,0.8482352238083626,0.9679891115758769,0.7152932053519764,0.9423481104125859,0.7223897865690316,0.45159060310285937,0.5065337634885528,0.5234261209778034,1.388051031229491,0.6948400655274274,1.563551175556031,1.7838119738241747,1.090856606266598,0.7823815316906514,0.5594081466415581,2.748841071093968,0.9495087383804556,1.5712545198941235,1.6871591134957733,0.8953718686621999,1.2048485780957383,0.6127006291606274,0.5340316734788717,0.4643785526922974,0.7941985908072448,1.4094531037589255,1.4362248175144743,1.941200354558834,1.8695118130094024,1.0243308484326061,1.6842676014003344,1.2769093078524467,1.6766885205864563,0.9994931333192462,1.106097174404854,0.4510761269054194,1.4047824172234482,8.694784445873124,0.8856004578158301,1.4706538035691192,4.53763303262151,1.5047864915192457,2.0557645627013215,1.6697222149563962,0.3950731540595083,0.9045390717381739,2.692584692201554,1.0100294509787415,0.9172514243659929,0.6592192889853415,1.5517071309772894,1.9202181885891758,0.9279769377403678,0.6560496151074017,1.8335953290075788,0.7634157171778532,1.1494741463240161,0.43995913188898084,0.6017973547102708,0.7588303036683978,1.0550815299532923,0.6468192174722082,0.6500793449951321,1.6569315001227907,1.5934362485585225,0.6741424420883314,2.690310130923536,0.4798069347229829,1.7653231397717668,0.6664680163414245,0.0,0.8467181498961058,0.8085621161414833,1.3841201835702435,0.8156214281317242,0.8469613478917192,0.4224860663401453,0.5150073332522838,0.3841004041071288,0.7415955213499167,1.0892450183134612,0.7206188568600805
86,0.7496769596606425,0.9032601057323786,2.6625954309663764,1.0634209790613116,1.0886155179621704,1.663910036595972,2.013568901041262,1.0109123085441545,1.1638251166040894,1.3088035443786499,1.1837284274936526,0.8644812031664638,1.016423993324255,0.871528001601737,0.7757732808907521,0.7737704644053324,0.9744681196304735,0.8158933341064708,1.0856519410484378,0.7825753993774637,0.5493299659709405,1.1264586260053666,1.1128223273941464,0.935724536196398,1.3995822323415443,1.6662263508854098,0.7050385801004599,0.6848992653644825,0.8746127266783795,2.218584951192987,0.8633088900452381,1.4822160320771312,1.328962150140263,0.717066322986309,1.2176045069482229,1.029693925056346,0.8946046966942709,0.829488009557858,0.845956977785837,0.9315246255252944,0.898295742209441,1.4386614439986656,1.4256546791552829,1.0167849867548042,1.6631566986849735,0.9341242372166864,1.2438371451599728,0.7886399476027475,1.056735699297795,0.8089916042856271,0.9603045901377326,8.029835066748232,0.6825840934529454,1.0276426562238998,3.9067119260338714,1.1942252445061619,1.5251704650269302,1.2563329625037314,0.7249861932568746,0.9288956801043284,2.1362434475943672,0.9382012006072883,0.8698833203499017,1.1968199114791145,1.2282763523165559,2.212987199604609,0.9721893886650647,0.8781052245269625,1.868073373682799,0.6096346930790335,0.8797541111488736,0.9765454109799722,0.9333497536291423,0.8991986364414423,1.0118572440573272,1.219186387504494,0.8248797756676757,1.8037810419733602,1.0838858655094752,0.8443615065896883,2.1461308010674824,0.8015851735528433,1.5178394903943595,1.0455949954190964,0.8467181498961058,0.0,1.1136485244293717,0.7777372219622772,0.5847975011607766,1.0745903130562386,0.7833191816931773,1.1246259953769473,0.6861485207316059,0.7981629928508079,0.7962048775321242,1.0632995476856422
87,0.858722691121797,1.2788359203725166,3.1390334741416033,0.6993000748045507,0.6562365665527117,2.312102369351534,2.398428726145015,1.7049908718146887,1.8404536180286835,1.8820671983272195,1.1770286516834376,1.4725147508473644,1.2569668060623698,1.535336865032124,1.2324460100958725,1.2027003622365169,0.5156702109813666,0.9215709730893995,0.5225403866746564,0.957924859051668,0.8505313442531818,0.6107939917000527,1.2995801834952132,0.7272813241123949,1.2768555432831978,2.153961257063584,1.1542803221911544,0.7175830580129371,0.6702759511761015,2.6120962299273147,0.8764015056246742,1.9088701609498706,1.420353302597969,1.2867832852786525,1.5864337545694136,0.4364529923248268,0.6730926723198559,0.8182829250413791,0.7321355071746172,1.304900716554983,1.3533135401867014,1.8529510342057653,1.7439797026472872,0.7640494329721156,2.1445285378934265,1.2205425435517547,1.64745692339038,1.5067984117829984,1.5076682891381414,0.6337343228963627,1.4733234945141769,8.602298601333004,1.3693157390541422,1.6238714529478175,4.434738699667847,1.8162927576276222,2.1042695375140825,1.5476812774923998,0.9120340665957334,1.3340350058634032,2.5509053457568913,1.5336262105571379,0.924851863501096,0.7029604346899185,1.3646578857485672,2.2579107898299036,0.6355792145610306,0.6632228383811701,2.21901222289616,1.2165587864066858,1.5569182920833993,0.6203323552030495,0.7035519194150444,0.7925862229063966,0.7253689473916954,0.498680290542223,1.1559176701251785,2.024643158085994,1.7990953172808248,1.2605816095202145,2.663835185933131,0.8715348126712357,1.8590570152386385,0.49309094826104516,0.8085621161414833,1.1136485244293717,0.0,1.6230135012974445,1.0567535326139361,1.354292953040072,0.8228193520149508,0.7248975286317153,0.8341148723803372,0.84922432962126,0.9840234052092635,0.3800046950797144
88,1.314747941195085,1.084068051300542,2.378879594825138,1.646806315425081,1.5538479705261903,1.2569930178688002,1.9072821482223685,1.0931402877825582,1.1316630770340985,1.41399236137217,1.404708605734942,0.920083892908976,1.1871755093440246,1.0114348200734185,1.0773611989653171,0.9860778394701785,1.4321386604300488,1.1978051493217843,1.5883193496405803,1.3500972592709448,1.0579106354137413,1.665517005048175,1.193970511686835,1.31758887817047,1.6434818007583656,1.5212552165140554,1.0047510636549273,1.1319114756365931,1.41138976233616,1.957023276608019,1.155186170636858,1.5065009785527907,1.4195527017664389,1.0580910615627912,1.3827634254610899,1.5279232483382637,1.3695722423059604,1.3266553607828842,1.4299082069852829,1.090433014730861,0.8205951248638786,1.2796668295936804,1.3302604661669335,1.4525633215828218,1.6289329123308827,1.0309349019732519,1.1284920376319039,0.8547481894008149,1.230749612991828,1.3604753236929257,1.0646620314896782,7.620909595905589,0.8428119983844814,0.8181121599068903,3.514350851627067,1.3032319934264698,1.2602842740265554,1.1847165382220273,1.2892767174802666,1.2265826785859495,1.8631189698318393,1.0632969310806777,1.1916823679133923,1.7561060819986105,1.2677910597093505,2.3948009734094846,1.4041866786101644,1.3472668001411636,1.8621049152260751,0.9120548598239414,0.9704395107709883,1.560724669791164,1.4149092524509586,1.4303156138499686,1.3473363576168198,1.7848212325393766,1.2525229754264677,1.9605354729325077,0.9735832700853178,1.1901413137615064,1.9151099845440838,1.3746251601318773,1.315960138060079,1.57947411935141,1.3841201835702435,0.7777372219622772,1.6230135012974445,0.0,0.9471643412592671,1.3097531042005024,1.348181679994914,1.743795567179147,1.1719128408583364,1.089044222585667,1.1221227651461814,1.5778285867321404
89,0.742994534961919,1.0922094934853543,2.860559914497268,1.011353811763311,1.0458580875742538,1.5859133016595213,1.8712110529889923,1.0219751920869729,1.0202865720236645,1.242015272383155,1.2909410167032382,1.0158018515767333,1.1517758340939328,0.8370390048569603,0.8793191512530746,0.9799392034114623,0.8899989613773776,0.920244879403938,1.0414447093481483,0.7921700363613037,0.5728164749837621,1.0476077168469264,1.2282518337455872,0.8660188765656851,1.651168920698538,1.5562481424020638,0.9508774124480976,0.8213240831765083,0.881823985810714,2.3718568004315683,0.8763056219652496,1.389942346850036,1.5015786269650384,0.7187606628291762,1.1732972357679128,0.9246712153380979,0.8478386911128599,0.7695028090621124,0.9114506389100542,1.0013676154951952,1.0152408556991603,1.650658210969687,1.5363959736293016,1.0332612492058628,1.6150512094896035,1.0455725374862443,1.4868330502171707,0.7130199002346488,0.9110009273638593,0.8386534375955927,1.2564795688753883,8.261405531679758,0.6729579069848145,1.1217743109803742,4.091533940661246,1.080656147212659,1.7237890412536334,1.3816360042046105,0.8324520852819659,0.864244158794679,2.310089163723097,0.8744585153309633,0.9674861020850157,1.1792707911501008,1.2821797353424227,2.023515196579496,0.9858012562878926,0.807786810225917,1.6786853116394271,0.7661876760229515,0.9671356120572924,1.003105660019555,0.864060472445048,0.9337132226684398,1.0272212574435657,1.1570152012423387,0.8571135324511187,1.6695721758314037,1.2621995898238416,0.7956572785577446,2.3820240470329463,0.9498007338970621,1.4553674591019625,0.9464066626331465,0.8156214281317242,0.5847975011607766,1.0567535326139361,0.9471643412592671,0.0,0.896645964490984,0.8008453327380529,1.0983068811211762,0.7197192902004329,0.813704569319812,0.8925036745829478,1.0114601861209125
90,0.8557023877089998,1.5036253355251772,3.4221877461762586,1.0896247550303673,1.143535014835984,1.5121261939161585,1.2752994681809686,0.9014675036987779,0.9119253070271797,0.9258133210283097,1.6457619796969336,1.509245507469458,1.5178998431244213,0.7726542773064959,0.9143531816214752,1.159682423347653,1.1833386060777058,1.3619929497403431,1.2658159506685351,0.8216913213432411,0.8452323722977195,1.1189622669871968,1.6765404436734155,1.1973094074829174,1.9993378945701594,1.0634890646269815,1.3549900590237562,1.2286825841109503,1.1293136311705076,2.8824323508564738,1.288381531943437,1.005757413232631,2.0250906736959284,0.7973946078470073,0.722336541071986,1.1707538677563618,0.9826839551514702,0.8783477265775359,1.3510985300125518,1.643907048776296,1.4941686346700975,2.124445177149056,2.039155307757571,1.4589085074006007,1.0413820694096738,1.4809441822448564,1.833274041553611,0.7889605199559248,0.5664800129670384,1.003868053096278,1.6638116622767933,8.828372595386178,0.7267532734424695,1.527718146998413,4.616236414329548,1.1574745250460348,2.135694361092268,1.868550805542813,0.9169445234587941,0.7453334439331495,2.8457459189567342,0.6170840320866747,1.3471599413625828,1.242620340704463,1.8170778229266968,1.3332195652835923,1.4195728903859375,1.0708443016657962,1.1344214033606927,0.783755162204431,1.0264946073911594,1.127272718286395,1.0632312586354724,1.1944183787449545,1.4913976646004505,1.3031075550966493,0.7586327125893004,1.1463193879197957,1.6512780847334698,0.5325975755358706,2.86039124196855,1.105426616939718,1.3937972204091673,1.2224093224730757,0.8469613478917192,1.0745903130562386,1.354292953040072,1.3097531042005024,0.896645964490984,0.0,0.9580627588670884,1.2115121044272366,0.8797971362577489,1.094114635777539,1.4668635058736539,1.2842183177445547
91,0.4051659876023298,0.9849775150074502,3.1702778581549693,0.5148454679136796,0.5734889860865482,2.088211597118508,2.1017637967393608,1.262113122011541,1.4566727023036454,1.4495210589803602,1.3322744599149183,1.256088716989875,1.2468159492486652,1.1113866242969621,0.8221441886476114,0.9190364391900131,0.7316254811729741,0.8600303578972952,0.856073875775307,0.41071980401477864,0.5339587620015545,0.6803292970330437,1.3405609205548787,0.6634416826484649,1.4988264792667028,1.8284487497182147,0.9302852912516173,0.6896506224416119,0.6967833913691452,2.679260856900618,0.9314587704399985,1.5350285258139602,1.6049465324604315,0.7930082643800567,1.2532861146041325,0.6271333700803559,0.5477267415608931,0.5452008606386407,0.6628041426405469,1.2233282411269415,1.3091492076489841,1.899395315074751,1.8365900107486497,0.8540576514131344,1.6910019535159575,1.269164015456285,1.6053120964947911,1.0393968158903597,1.1464449100541005,0.5344836731464504,1.3494834131598952,8.588668983267812,0.945526646476973,1.4003752713160897,4.440311590890105,1.3995502218919456,1.9481619584225411,1.6367470269209103,0.48123530263058606,0.8090366523679112,2.614945976580058,1.0882611585802098,0.9122905054039838,0.6142164117314045,1.4781973600148417,2.02660937608681,0.8609401510848649,0.6225380467620034,1.872032669145831,0.8592049715198665,1.1968180329887348,0.4921124554713341,0.5397731810670683,0.6906911682710731,0.9942729610319265,0.7171122701532283,0.5425915738992165,1.7889060321515957,1.541666527671697,0.7997514986195918,2.6193190022235084,0.5456573607850972,1.7916031641968662,0.6240921681689192,0.4224860663401453,0.7833191816931773,0.8228193520149508,1.348181679994914,0.8008453327380529,0.9580627588670884,0.0,0.5662213926061467,0.36013038562454913,0.7162172264271534,0.9337083079674128,0.7332927525599225
92,0.6204316278390377,1.3492041765899039,3.43473251012968,0.4168538684529853,0.6724526735960826,2.420587998371809,2.3498667834631966,1.5779434654741669,1.801824361969856,1.7214189965947517,1.4578649654336568,1.6123500123989363,1.451154830295367,1.4803364918703368,1.186929635660062,1.2691696701344881,0.7502461660139039,1.08070761097527,0.7356609879895817,0.6947712834299458,0.8418239627140469,0.5225568180993593,1.5877079105062168,0.8231153560647471,1.5891652104744565,2.1398128276719355,1.2759068048565956,0.9287208759747138,0.7215008625335819,2.926439865401932,1.1286145684656976,1.8533052988477146,1.7932524407438641,1.1966393546769454,1.5604152490980998,0.5796036484513545,0.7124742430278439,0.7224503322844282,0.7356059374234366,1.5696026030934425,1.6894099200225512,2.1497979268509604,2.060345817494006,0.9391031235079232,2.000321661725778,1.5126063764163704,1.9059685611907258,1.4216024006408214,1.4076592233023804,0.6432823383086509,1.621293937862207,8.854813298782403,1.2873295209951925,1.7829085614278468,4.72329349089708,1.7650709058549963,2.3077821258082114,1.8725572435059326,0.6829805438605275,1.1568306700505868,2.8698431968784353,1.429469859925794,1.1137404833208635,0.5747591233103603,1.6767264922877663,2.1359697529604005,0.9386934978439727,0.7547402701205636,2.115827785529516,1.1808109677440792,1.554537886051655,0.3823279996636655,0.7410785245312986,0.8429546221000976,1.1033282189396545,0.4342273764657834,0.9297150201294277,1.9650843245663752,1.8930635867822545,1.085305959251258,2.886857173320273,0.6649195115478409,2.039046061439621,0.569400974187353,0.5150073332522838,1.1246259953769473,0.7248975286317153,1.743795567179147,1.0983068811211762,1.2115121044272366,0.5662213926061467,0.0,0.6861703153874389,0.995948369391033,1.2085147052291982,0.6406776529762274
93,0.38054324472672224,0.9478327567940915,3.017068955040499,0.5439198393111988,0.5750942122193186,1.9066996097445332,1.9865717677949393,1.1152446071209692,1.335622451078327,1.340914546721879,1.1822770493128707,1.1205274646062726,1.076098026317905,1.0285711517306646,0.752303138384686,0.7341403196940386,0.7145964176113268,0.731867216979425,0.8477627577407045,0.48023132642025607,0.4726309766578814,0.696566535517079,1.1632729110385496,0.5307526202787529,1.4247050696773103,1.735480762477661,0.8392537658902461,0.6103990304536302,0.6286157405622309,2.5106108808231116,0.7749425969289674,1.479807912692094,1.4780756315573809,0.7216107586162798,1.2381961087606708,0.6239285125432036,0.5068592117377368,0.5284962349708907,0.7492471921401102,1.2019277649257143,1.2328115043808945,1.734906851902841,1.670222047043062,0.8504649845002874,1.6335955659653638,1.09694114319751,1.4654963277181003,0.8700517867647162,1.082885214685942,0.5026792161549533,1.2007494351792944,8.461174625691605,0.770777839171164,1.2628858185088294,4.282667060965742,1.3956222155855156,1.787032576733405,1.4708534878213928,0.39481075759792916,0.8364450548483061,2.4390375807080056,1.0061865396854712,0.7687300075971728,0.6793509893748995,1.359631916092331,2.044865953094294,0.8788316028322926,0.6126651579360617,1.8085583664625993,0.6607944948704203,1.0670770749841945,0.47251167866177685,0.5165365744595172,0.6575499407111386,0.9247000288108783,0.7776568703596487,0.5262307148022161,1.7779149815866426,1.3743305716897518,0.7018580686780016,2.451599203108553,0.5097048200341127,1.6686236962962886,0.6543091355033076,0.3841004041071288,0.6861485207316059,0.8341148723803372,1.1719128408583364,0.7197192902004329,0.8797971362577489,0.36013038562454913,0.6861703153874389,0.0,0.5615060590991429,0.8911492703667782,0.7229849200539825
94,0.8125218364468028,0.8283364115516078,2.7531304270852597,0.9011062783496396,0.776877219120507,1.922644055807059,2.135796869049552,1.3690953403463217,1.5266230168776616,1.665964860400298,0.9448621915148286,0.9717535420558523,0.8296273804753994,1.2502562903262942,0.8470306513117033,0.6485007384620212,0.6754349016139597,0.5932084726677763,0.8824372643226372,0.898844681605994,0.5984966896834268,0.8119384661209321,0.9345782295213583,0.5059723131472945,1.2166940266742339,1.819416009569699,0.6004803258670306,0.5857944650162444,0.5942645569993714,2.2695961398750666,0.6425424547398167,1.6296521549530518,1.2127279958230406,1.0140101835122473,1.3244067077220567,0.7380153223845136,0.6991302056286164,0.623207269802267,0.7752213374973755,1.0080582302181167,0.9970467682504482,1.4586516718444684,1.4294354954047077,0.8440448689194563,1.8093040269285379,0.8410824385739618,1.2524346307837435,1.061163600624429,1.2569889410116377,0.5716376487376862,0.9465783643258384,8.270704297865342,1.0158827022562236,1.0587548225596974,4.076480906205095,1.5828835017298561,1.584969571410184,1.1782552909782291,0.7653475485135869,1.031647376340016,2.1628135934742123,1.2159019268330187,0.43545253096346614,0.9866277155563088,1.0097794232784287,2.247220676249766,0.647950696238011,0.5199778327810355,2.019973750108064,0.784636715542748,1.141231482824867,0.7613001447655317,0.7387988216601871,0.8461714161208631,0.7168363826316847,0.9271367187390606,0.8777684535946924,1.9287807876891703,1.3247138378053884,1.0236657355736885,2.2089628969844672,0.6841191518887811,1.48548688926035,0.8036002145247693,0.7415955213499167,0.7981629928508079,0.84922432962126,1.089044222585667,0.813704569319812,1.094114635777539,0.7162172264271534,0.995948369391033,0.5615060590991429,0.0,0.5794471183141504,0.8008615494050171
95,1.0633189830139655,0.7320486964203435,2.489904433087289,1.179743551569265,1.0974183652185678,2.1173398473106118,2.4465126713400838,1.6224426494909094,1.7174281073577817,1.920355907636818,1.0773536863421087,0.8891685037015236,0.9606675222817467,1.433977699244272,1.1421471501356322,0.9089789124096158,0.8780067711640769,0.6803927228128734,1.1022721987234603,1.1718972279681639,0.8501123301378394,1.1386589068597404,0.9710099334886764,0.7713976604717673,1.189239755990855,2.0664109925688496,0.5753445683009988,0.6974400881674887,0.8719839649737711,2.1242744608164643,0.8285355335478926,1.8485497788608942,1.071983011631292,1.217393590902336,1.6053564289026618,0.9683984077150947,1.0321889808528795,0.9664961026737423,0.7256596405931325,0.6234020281560223,0.8177456202952227,1.3545791782493097,1.3684211577449805,0.8302913657989882,2.077474951967993,0.9058876099016157,1.2598264421084016,1.3151157853017195,1.494087224947356,0.8842756805881253,0.9033583106969881,7.9851536906531075,1.26266513142472,1.0433879124565137,3.857525191791588,1.6109867667792233,1.5117162689576316,1.1358659137288842,1.0739288396196272,1.2347768535618977,1.9665047847786343,1.492690030485229,0.6403692517519338,1.2397010583389625,0.830507251982052,2.5776543856369103,0.601846045258825,0.7701616702189571,2.2940105086593996,1.0859206920481896,1.3773743594417536,1.0222766464647997,1.0105118385790954,1.0297820523290322,0.7495070767760894,1.142850438240967,1.1639727712587153,2.1996755955650915,1.3493422324206312,1.372428261631661,2.0455039495948495,0.9555405642789919,1.6162742616084365,0.9952446017242431,1.0892450183134612,0.7962048775321242,0.9840234052092635,1.1221227651461814,0.8925036745829478,1.4668635058736539,0.9337083079674128,1.2085147052291982,0.8911492703667782,0.5794471183141504,0.0,0.9921717891679318
96,0.7843950785071624,1.3101572090395432,3.080742807414983,0.6226161886948035,0.5103827769207132,2.282828194723981,2.304934690229946,1.540561703905568,1.7598459890308067,1.7461356268617558,1.0317803408551645,1.4760258025111468,1.1164176780473973,1.4415614606309,1.1904433658988332,1.1059631725933083,0.31551283975984046,0.8006724882099203,0.39417718048266004,0.8688967137530662,0.7992279903361762,0.5170770280189722,1.2217451956356162,0.5962188213934169,1.2027745483764594,2.091862078728948,1.080510329020558,0.5817559040984858,0.6171372698201407,2.519263384867285,0.689685440542401,1.8591429509078574,1.3520425113333077,1.191521765043138,1.5984474048398827,0.2672378390041409,0.4897373735660515,0.7081918971472486,0.6988823554036104,1.3582246836038034,1.3930243367216384,1.7415381155876002,1.6194726072770969,0.5884348257274729,2.038673315268748,1.1041279795039027,1.5313349645652272,1.4002204283977444,1.393247279941488,0.6235096975185418,1.349193192280596,8.549223816896273,1.264476175867021,1.6530449719469653,4.358110198880269,1.7948652723101177,1.97507591206931,1.4439727659118249,0.7699052414429557,1.215918387343054,2.4750683382949936,1.4813156308629642,0.8394448093722645,0.6514933749156492,1.3036031202587501,2.252462457605003,0.7435310831212385,0.5735267837457667,2.1105467469955284,1.1168523704610056,1.5186687193422288,0.5317341375312612,0.5669834899814791,0.6777316387306687,0.6705456779914237,0.4954930740476625,1.0204218443831574,2.0560868850567364,1.729130856537026,1.1557306885783936,2.561202766946758,0.7554539084681237,1.801618748675665,0.3047044846573232,0.7206188568600805,1.0632995476856422,0.3800046950797144,1.5778285867321404,1.0114601861209125,1.2842183177445547,0.7332927525599225,0.6406776529762274,0.7229849200539825,0.8008615494050171,0.9921717891679318,0.0
